#DeepConCNF_SS8: eight-class secondary structure prediction results 
#probabilities are in the order of H G I E B T S L(loops), the 8 secondary structure types used in DSSP 
   1 K L   0.000 0.000 0.000 0.000 0.000 0.001 0.001 0.998 
   2 M L   0.002 0.009 0.000 0.030 0.017 0.028 0.003 0.912 
   3 A L   0.001 0.011 0.000 0.118 0.007 0.086 0.097 0.680 
   4 G E   0.002 0.013 0.000 0.488 0.012 0.049 0.153 0.284 
   5 S E   0.001 0.005 0.000 0.744 0.003 0.003 0.022 0.222 
   6 I E   0.001 0.002 0.000 0.964 0.003 0.001 0.004 0.025 
   7 V E   0.001 0.001 0.000 0.979 0.002 0.001 0.003 0.013 
   8 I E   0.000 0.000 0.000 0.850 0.006 0.001 0.023 0.119 
   9 S L   0.000 0.001 0.000 0.414 0.010 0.003 0.024 0.547 
  10 K T   0.013 0.141 0.000 0.042 0.003 0.452 0.328 0.021 
  11 E T   0.010 0.155 0.000 0.029 0.003 0.451 0.302 0.050 
  12 V L   0.009 0.153 0.000 0.084 0.016 0.083 0.130 0.525 
  13 R L   0.003 0.014 0.000 0.167 0.021 0.052 0.099 0.645 
  14 V L   0.002 0.005 0.000 0.258 0.188 0.009 0.087 0.450 
  15 P L   0.000 0.001 0.000 0.183 0.018 0.002 0.014 0.782 
  16 V L   0.005 0.008 0.000 0.037 0.011 0.286 0.166 0.486 
  17 S L   0.009 0.006 0.000 0.007 0.004 0.388 0.146 0.440 
  18 T S   0.243 0.012 0.001 0.007 0.017 0.049 0.534 0.138 
  19 S H   0.910 0.006 0.000 0.002 0.002 0.033 0.019 0.027 
  20 Q H   0.969 0.004 0.000 0.001 0.000 0.018 0.003 0.004 
  21 F H   0.992 0.002 0.000 0.000 0.000 0.003 0.000 0.002 
  22 D H   0.998 0.000 0.000 0.000 0.000 0.000 0.000 0.001 
  23 Y H   0.999 0.000 0.000 0.000 0.000 0.000 0.000 0.000 
  24 L H   0.999 0.000 0.000 0.000 0.000 0.001 0.000 0.000 
  25 V H   0.999 0.000 0.000 0.000 0.000 0.000 0.000 0.000 
  26 S H   0.995 0.000 0.000 0.000 0.000 0.003 0.000 0.001 
  27 R H   0.976 0.000 0.000 0.000 0.000 0.021 0.001 0.001 
  28 I H   0.882 0.011 0.001 0.000 0.000 0.094 0.007 0.004 
  29 G G   0.185 0.692 0.000 0.000 0.000 0.098 0.011 0.015 
  30 D G   0.120 0.739 0.000 0.000 0.000 0.128 0.008 0.005 
  31 Q G   0.125 0.691 0.000 0.001 0.001 0.143 0.027 0.011 
  32 F S   0.074 0.040 0.001 0.010 0.038 0.055 0.547 0.234 
  33 H L   0.043 0.003 0.000 0.003 0.005 0.045 0.113 0.788 
  34 S L   0.114 0.018 0.000 0.003 0.010 0.089 0.315 0.451 
  35 S S   0.134 0.041 0.000 0.001 0.004 0.075 0.546 0.198 
  36 D L   0.199 0.039 0.001 0.002 0.010 0.027 0.214 0.509 
  37 M H   0.939 0.014 0.000 0.000 0.000 0.025 0.008 0.013 
  38 W H   0.958 0.011 0.000 0.001 0.000 0.020 0.005 0.004 
  39 I H   0.972 0.012 0.000 0.001 0.000 0.009 0.002 0.004 
  40 K H   0.980 0.008 0.000 0.001 0.000 0.007 0.001 0.003 
  41 D H   0.981 0.006 0.000 0.001 0.000 0.009 0.001 0.001 
  42 E H   0.969 0.006 0.000 0.001 0.000 0.022 0.001 0.001 
  43 V H   0.892 0.010 0.000 0.000 0.000 0.087 0.005 0.005 
  44 Y H   0.785 0.040 0.001 0.001 0.001 0.121 0.024 0.026 
  45 L H   0.680 0.143 0.001 0.002 0.002 0.054 0.042 0.076 
  46 P H   0.668 0.181 0.001 0.003 0.002 0.070 0.016 0.059 
  47 M H   0.638 0.165 0.001 0.007 0.007 0.057 0.029 0.096 
  48 E H   0.613 0.106 0.001 0.011 0.010 0.046 0.080 0.133 
  49 E H   0.469 0.056 0.000 0.010 0.006 0.295 0.115 0.048 
  50 G T   0.122 0.039 0.000 0.003 0.003 0.568 0.144 0.121 
  51 G L   0.028 0.046 0.000 0.009 0.003 0.337 0.126 0.451 
  52 M L   0.028 0.043 0.000 0.107 0.009 0.069 0.116 0.629 
  53 S L   0.025 0.036 0.000 0.344 0.016 0.068 0.151 0.359 
  54 F E   0.010 0.009 0.000 0.548 0.011 0.025 0.178 0.219 
  55 I E   0.004 0.001 0.000 0.726 0.033 0.002 0.066 0.168 
  56 S E   0.003 0.002 0.000 0.692 0.035 0.003 0.006 0.258 
  57 T T   0.018 0.408 0.000 0.018 0.001 0.450 0.042 0.063 
  58 E T   0.015 0.409 0.000 0.005 0.001 0.491 0.048 0.031 
  59 S G   0.022 0.415 0.001 0.011 0.011 0.268 0.162 0.112 
  60 L S   0.004 0.007 0.000 0.008 0.014 0.008 0.500 0.459 
  61 N L   0.004 0.000 0.000 0.002 0.011 0.001 0.013 0.968 
  62 S H   0.958 0.007 0.000 0.000 0.000 0.025 0.003 0.007 
  63 S H   0.970 0.006 0.000 0.000 0.000 0.021 0.001 0.001 
  64 G H   0.983 0.006 0.000 0.000 0.000 0.008 0.002 0.002 
  65 L H   0.994 0.001 0.000 0.000 0.000 0.003 0.000 0.001 
  66 S H   0.996 0.001 0.000 0.000 0.000 0.002 0.000 0.001 
  67 I H   0.997 0.000 0.000 0.000 0.000 0.002 0.000 0.001 
  68 F H   0.996 0.000 0.000 0.000 0.000 0.002 0.000 0.001 
  69 L H   0.997 0.000 0.000 0.000 0.000 0.001 0.000 0.001 
  70 A H   0.998 0.000 0.000 0.000 0.000 0.001 0.000 0.000 
  71 T H   0.998 0.000 0.000 0.000 0.000 0.001 0.000 0.001 
  72 V H   0.998 0.000 0.000 0.000 0.000 0.001 0.000 0.000 
  73 M H   0.995 0.001 0.000 0.000 0.000 0.003 0.000 0.001 
  74 R H   0.993 0.001 0.000 0.000 0.000 0.004 0.000 0.001 
  75 A H   0.983 0.003 0.000 0.000 0.000 0.010 0.001 0.001 
  76 R H   0.946 0.015 0.000 0.001 0.000 0.023 0.005 0.008 
  77 A H   0.875 0.021 0.000 0.001 0.000 0.081 0.007 0.014 
  78 A H   0.667 0.024 0.000 0.001 0.001 0.258 0.029 0.020 
  79 S S   0.128 0.014 0.000 0.003 0.005 0.106 0.404 0.340 
  80 Q L   0.126 0.028 0.000 0.004 0.007 0.097 0.185 0.554 
  81 A L   0.168 0.083 0.000 0.011 0.018 0.093 0.112 0.514 
  82 E G   0.228 0.274 0.000 0.012 0.012 0.103 0.108 0.262 
  83 E G   0.212 0.284 0.000 0.004 0.003 0.101 0.114 0.281 
  84 S H   0.358 0.246 0.001 0.004 0.016 0.052 0.076 0.248 
  85 F H   0.916 0.027 0.000 0.001 0.001 0.016 0.019 0.020 
  86 P H   0.967 0.011 0.000 0.000 0.000 0.013 0.004 0.004 
  87 L H   0.979 0.007 0.000 0.000 0.000 0.009 0.001 0.004 
  88 Y H   0.987 0.003 0.000 0.000 0.000 0.004 0.001 0.004 
  89 E H   0.993 0.001 0.000 0.000 0.000 0.002 0.001 0.002 
  90 N H   0.993 0.001 0.000 0.000 0.000 0.003 0.000 0.002 
  91 V H   0.991 0.001 0.000 0.000 0.000 0.005 0.000 0.002 
  92 W H   0.996 0.001 0.000 0.000 0.000 0.002 0.000 0.001 
  93 N H   0.997 0.001 0.000 0.000 0.000 0.001 0.000 0.001 
  94 Q H   0.995 0.001 0.000 0.000 0.000 0.003 0.000 0.001 
  95 L H   0.993 0.001 0.000 0.000 0.000 0.004 0.000 0.002 
  96 V H   0.994 0.001 0.000 0.000 0.000 0.002 0.000 0.002 
  97 E H   0.986 0.003 0.000 0.000 0.000 0.008 0.001 0.002 
  98 K H   0.976 0.004 0.000 0.001 0.000 0.013 0.001 0.004 
  99 L H   0.952 0.005 0.000 0.001 0.000 0.025 0.003 0.013 
 100 R H   0.674 0.005 0.000 0.001 0.001 0.224 0.013 0.082 
 101 Q H   0.451 0.009 0.000 0.001 0.003 0.352 0.058 0.126 
 102 D L   0.155 0.023 0.000 0.001 0.002 0.045 0.042 0.732 
 103 A L   0.204 0.158 0.000 0.002 0.001 0.207 0.047 0.381 
 104 R L   0.189 0.148 0.000 0.006 0.004 0.178 0.045 0.430 
 105 L L   0.142 0.120 0.000 0.005 0.004 0.074 0.040 0.614 
 106 G L   0.036 0.020 0.000 0.007 0.002 0.086 0.030 0.820 
 107 V L   0.016 0.014 0.000 0.011 0.007 0.019 0.028 0.905 
 108 S L   0.010 0.015 0.000 0.008 0.003 0.013 0.025 0.927 
 109 G L   0.005 0.010 0.000 0.005 0.002 0.018 0.040 0.920 
 110 N L   0.003 0.004 0.000 0.007 0.002 0.008 0.007 0.969 
 111 T L   0.003 0.002 0.000 0.009 0.002 0.004 0.007 0.972 
 112 S L   0.002 0.002 0.000 0.006 0.002 0.007 0.013 0.969 
 113 L L   0.002 0.002 0.000 0.003 0.001 0.008 0.014 0.970 
 114 E L   0.001 0.002 0.000 0.002 0.001 0.006 0.010 0.977 
 115 H L   0.001 0.002 0.000 0.002 0.001 0.005 0.010 0.978 
 116 H L   0.001 0.002 0.000 0.001 0.001 0.006 0.007 0.982 
 117 H L   0.001 0.002 0.000 0.002 0.001 0.004 0.007 0.983 
 118 H L   0.001 0.001 0.000 0.002 0.001 0.004 0.009 0.981 
 119 H L   0.001 0.001 0.000 0.003 0.002 0.004 0.000 0.990 
 120 H L   0.000 0.000 0.000 0.000 0.000 0.000 0.000 1.000 
