#DeepConCNF_SS8: eight-class secondary structure prediction results 
#probabilities are in the order of H G I E B T S L(loops), the 8 secondary structure types used in DSSP 
   1 S L   0.000 0.000 0.000 0.000 0.000 0.000 0.000 0.999 
   2 N L   0.002 0.004 0.000 0.007 0.007 0.008 0.001 0.972 
   3 A L   0.002 0.008 0.000 0.006 0.004 0.022 0.035 0.923 
   4 S L   0.003 0.009 0.000 0.007 0.003 0.018 0.028 0.931 
   5 V L   0.007 0.006 0.000 0.022 0.019 0.022 0.044 0.880 
   6 Y L   0.005 0.002 0.000 0.022 0.041 0.009 0.074 0.847 
   7 D L   0.002 0.002 0.000 0.004 0.003 0.003 0.028 0.959 
   8 P T   0.101 0.191 0.000 0.001 0.001 0.388 0.049 0.270 
   9 A T   0.114 0.208 0.000 0.003 0.002 0.397 0.051 0.225 
  10 A L   0.105 0.222 0.000 0.013 0.007 0.045 0.086 0.522 
  11 T L   0.100 0.131 0.000 0.062 0.011 0.026 0.049 0.621 
  12 A L   0.080 0.126 0.000 0.159 0.035 0.074 0.044 0.483 
  13 D L   0.049 0.100 0.000 0.198 0.024 0.096 0.069 0.463 
  14 T L   0.031 0.068 0.000 0.197 0.025 0.101 0.065 0.513 
  15 V L   0.010 0.017 0.000 0.154 0.043 0.023 0.206 0.548 
  16 N L   0.003 0.009 0.000 0.063 0.021 0.023 0.067 0.813 
  17 P L   0.007 0.023 0.000 0.015 0.006 0.375 0.078 0.496 
  18 G T   0.005 0.022 0.000 0.012 0.006 0.406 0.193 0.355 
  19 N L   0.004 0.020 0.000 0.036 0.004 0.115 0.361 0.461 
  20 K L   0.004 0.005 0.000 0.310 0.010 0.055 0.098 0.518 
  21 I E   0.001 0.001 0.000 0.857 0.004 0.003 0.015 0.119 
  22 I E   0.001 0.000 0.000 0.991 0.001 0.000 0.001 0.007 
  23 Y E   0.000 0.000 0.000 0.995 0.000 0.000 0.001 0.004 
  24 L E   0.000 0.000 0.000 0.989 0.000 0.000 0.001 0.010 
  25 T E   0.000 0.000 0.000 0.973 0.002 0.000 0.002 0.022 
  26 F E   0.001 0.002 0.000 0.844 0.006 0.007 0.026 0.114 
  27 D E   0.002 0.007 0.000 0.456 0.008 0.057 0.274 0.195 
  28 D L   0.001 0.005 0.000 0.202 0.021 0.040 0.225 0.506 
  29 G L   0.004 0.011 0.000 0.034 0.016 0.054 0.225 0.655 
  30 P L   0.020 0.089 0.000 0.002 0.005 0.218 0.200 0.465 
  31 G G   0.152 0.339 0.000 0.001 0.004 0.236 0.197 0.071 
  32 K G   0.251 0.371 0.001 0.000 0.002 0.233 0.085 0.057 
  33 Y H   0.386 0.317 0.002 0.000 0.004 0.168 0.029 0.094 
  34 T H   0.876 0.037 0.001 0.001 0.003 0.044 0.012 0.026 
  35 Q H   0.892 0.009 0.000 0.000 0.000 0.090 0.005 0.003 
  36 G H   0.853 0.005 0.000 0.000 0.000 0.128 0.005 0.008 
  37 L H   0.976 0.002 0.001 0.000 0.000 0.018 0.001 0.002 
  38 L H   0.996 0.001 0.000 0.000 0.000 0.002 0.000 0.001 
  39 D H   0.995 0.001 0.000 0.000 0.000 0.002 0.000 0.001 
  40 V H   0.996 0.001 0.000 0.000 0.000 0.002 0.000 0.001 
  41 L H   0.993 0.002 0.000 0.000 0.000 0.004 0.000 0.001 
  42 D H   0.978 0.008 0.000 0.000 0.000 0.012 0.000 0.000 
  43 K H   0.947 0.012 0.000 0.001 0.000 0.038 0.001 0.001 
  44 Y H   0.541 0.012 0.000 0.000 0.000 0.425 0.016 0.004 
  45 N T   0.005 0.002 0.000 0.000 0.000 0.955 0.016 0.022 
  46 V L   0.000 0.000 0.000 0.023 0.001 0.002 0.018 0.956 
  47 K L   0.000 0.000 0.000 0.387 0.005 0.001 0.005 0.602 
  48 A E   0.000 0.000 0.000 0.926 0.005 0.001 0.002 0.065 
  49 T E   0.000 0.000 0.000 0.985 0.001 0.000 0.002 0.012 
  50 F E   0.000 0.000 0.000 0.993 0.000 0.000 0.001 0.005 
  51 F E   0.000 0.000 0.000 0.980 0.001 0.000 0.001 0.016 
  52 V E   0.000 0.000 0.000 0.835 0.007 0.000 0.006 0.152 
  53 T L   0.000 0.001 0.000 0.101 0.004 0.003 0.019 0.873 
  54 N S   0.001 0.002 0.000 0.012 0.014 0.080 0.654 0.237 
  55 T S   0.001 0.004 0.000 0.003 0.008 0.083 0.791 0.109 
  56 H L   0.000 0.007 0.000 0.002 0.006 0.022 0.340 0.621 
  57 P T   0.014 0.052 0.000 0.001 0.001 0.871 0.040 0.022 
  58 D T   0.013 0.051 0.000 0.001 0.002 0.867 0.032 0.035 
  59 Y L   0.055 0.033 0.000 0.000 0.002 0.019 0.082 0.808 
  60 Q H   0.968 0.005 0.000 0.000 0.000 0.016 0.004 0.007 
  61 N H   0.985 0.003 0.000 0.000 0.000 0.008 0.001 0.002 
  62 M H   0.993 0.003 0.000 0.000 0.000 0.002 0.000 0.002 
  63 I H   0.998 0.000 0.000 0.000 0.000 0.001 0.000 0.000 
  64 A H   0.998 0.000 0.000 0.000 0.000 0.001 0.000 0.000 
  65 E H   0.998 0.000 0.000 0.000 0.000 0.001 0.000 0.000 
  66 E H   0.995 0.001 0.000 0.000 0.000 0.004 0.000 0.001 
  67 A H   0.992 0.002 0.000 0.000 0.000 0.005 0.000 0.001 
  68 K H   0.913 0.003 0.000 0.000 0.000 0.079 0.003 0.001 
  69 R T   0.146 0.003 0.000 0.000 0.000 0.840 0.007 0.004 
  70 G T   0.003 0.001 0.000 0.000 0.000 0.975 0.010 0.010 
  71 H L   0.000 0.000 0.000 0.021 0.000 0.002 0.014 0.964 
  72 T E   0.000 0.000 0.000 0.958 0.010 0.001 0.004 0.027 
  73 V E   0.000 0.000 0.000 0.991 0.001 0.000 0.001 0.008 
  74 A E   0.000 0.000 0.000 0.982 0.001 0.000 0.002 0.014 
  75 I E   0.000 0.001 0.000 0.936 0.010 0.001 0.003 0.049 
  76 H L   0.000 0.003 0.000 0.088 0.003 0.005 0.128 0.773 
  77 S L   0.005 0.006 0.000 0.029 0.012 0.025 0.111 0.811 
  78 A T   0.019 0.026 0.000 0.022 0.044 0.410 0.266 0.213 
  79 S T   0.015 0.038 0.000 0.034 0.058 0.419 0.078 0.357 
  80 H L   0.018 0.064 0.000 0.030 0.072 0.063 0.122 0.630 
  81 K T   0.047 0.219 0.001 0.005 0.008 0.573 0.085 0.063 
  82 Y T   0.039 0.236 0.000 0.003 0.004 0.595 0.049 0.073 
  83 N T   0.060 0.260 0.000 0.003 0.016 0.337 0.058 0.265 
  84 Q T   0.064 0.248 0.000 0.006 0.009 0.372 0.051 0.250 
  85 I T   0.053 0.235 0.000 0.015 0.022 0.432 0.075 0.167 
  86 Y T   0.047 0.192 0.000 0.016 0.024 0.339 0.079 0.303 
  87 T L   0.015 0.015 0.000 0.006 0.011 0.015 0.395 0.544 
  88 S L   0.022 0.002 0.000 0.003 0.011 0.004 0.036 0.922 
  89 E H   0.972 0.003 0.000 0.000 0.000 0.011 0.005 0.008 
  90 Q H   0.986 0.003 0.000 0.000 0.000 0.007 0.002 0.002 
  91 A H   0.991 0.003 0.000 0.000 0.000 0.002 0.001 0.002 
  92 F H   0.996 0.000 0.000 0.000 0.000 0.002 0.000 0.002 
  93 F H   0.997 0.000 0.000 0.000 0.000 0.001 0.000 0.001 
  94 D H   0.997 0.000 0.000 0.000 0.000 0.001 0.000 0.001 
  95 D H   0.997 0.000 0.000 0.000 0.000 0.002 0.000 0.001 
  96 L H   0.998 0.000 0.000 0.000 0.000 0.001 0.000 0.000 
  97 E H   0.998 0.000 0.000 0.000 0.000 0.001 0.000 0.001 
  98 Q H   0.997 0.000 0.000 0.000 0.000 0.002 0.000 0.001 
  99 M H   0.998 0.000 0.000 0.000 0.000 0.001 0.000 0.000 
 100 N H   0.998 0.000 0.000 0.000 0.000 0.001 0.000 0.000 
 101 S H   0.998 0.000 0.000 0.000 0.000 0.002 0.000 0.000 
 102 I H   0.997 0.000 0.000 0.000 0.000 0.002 0.000 0.000 
 103 I H   0.997 0.000 0.000 0.000 0.000 0.002 0.000 0.000 
 104 K H   0.994 0.001 0.000 0.000 0.000 0.003 0.000 0.001 
 105 A H   0.982 0.005 0.000 0.001 0.000 0.011 0.001 0.001 
 106 Q H   0.964 0.007 0.000 0.001 0.000 0.024 0.001 0.003 
 107 T H   0.928 0.007 0.000 0.003 0.002 0.041 0.008 0.010 
 108 G S   0.005 0.001 0.000 0.002 0.003 0.018 0.769 0.202 
 109 N S   0.000 0.001 0.000 0.003 0.008 0.004 0.901 0.081 
 110 D L   0.000 0.000 0.000 0.001 0.003 0.000 0.004 0.992 
 111 A L   0.000 0.000 0.000 0.003 0.003 0.001 0.009 0.983 
 112 S S   0.000 0.000 0.000 0.022 0.001 0.003 0.612 0.362 
 113 I E   0.000 0.000 0.000 0.923 0.008 0.001 0.013 0.054 
 114 I E   0.000 0.000 0.000 0.985 0.003 0.000 0.001 0.011 
 115 R E   0.000 0.001 0.000 0.874 0.008 0.001 0.002 0.114 
 116 F L   0.000 0.001 0.000 0.082 0.002 0.003 0.020 0.892 
 117 P L   0.003 0.016 0.000 0.013 0.009 0.115 0.074 0.771 
 118 G L   0.006 0.047 0.000 0.008 0.022 0.208 0.178 0.529 
 119 G L   0.007 0.076 0.000 0.013 0.011 0.094 0.233 0.566 
 120 S L   0.014 0.073 0.000 0.029 0.043 0.095 0.085 0.661 
 121 S L   0.013 0.059 0.000 0.010 0.033 0.076 0.127 0.681 
 122 N L   0.007 0.029 0.000 0.005 0.015 0.018 0.306 0.620 
 123 T T   0.063 0.044 0.001 0.004 0.007 0.558 0.194 0.129 
 124 V T   0.062 0.047 0.000 0.007 0.015 0.571 0.118 0.180 
 125 S L   0.072 0.097 0.000 0.004 0.028 0.055 0.146 0.597 
 126 K T   0.076 0.303 0.000 0.001 0.001 0.484 0.060 0.074 
 127 D T   0.061 0.305 0.000 0.003 0.004 0.496 0.088 0.043 
 128 Y G   0.059 0.273 0.001 0.005 0.033 0.273 0.145 0.211 
 129 C L   0.033 0.011 0.000 0.003 0.008 0.035 0.113 0.798 
 130 P T   0.249 0.022 0.000 0.000 0.002 0.586 0.051 0.091 
 131 G T   0.341 0.013 0.001 0.002 0.003 0.539 0.037 0.065 
 132 I H   0.948 0.009 0.001 0.001 0.002 0.014 0.008 0.017 
 133 M H   0.984 0.003 0.000 0.000 0.000 0.005 0.002 0.005 
 134 T H   0.991 0.003 0.000 0.000 0.000 0.004 0.001 0.001 
 135 Q H   0.996 0.001 0.000 0.000 0.000 0.001 0.000 0.001 
 136 L H   0.996 0.000 0.000 0.000 0.000 0.002 0.000 0.001 
 137 V H   0.998 0.000 0.000 0.000 0.000 0.002 0.000 0.000 
 138 N H   0.998 0.000 0.000 0.000 0.000 0.001 0.000 0.000 
 139 D H   0.998 0.000 0.000 0.000 0.000 0.001 0.000 0.000 
 140 V H   0.993 0.001 0.000 0.000 0.000 0.005 0.000 0.001 
 141 T H   0.990 0.003 0.000 0.000 0.000 0.006 0.000 0.001 
 142 A H   0.930 0.004 0.000 0.001 0.000 0.062 0.002 0.001 
 143 R T   0.157 0.004 0.000 0.000 0.000 0.825 0.009 0.005 
 144 G T   0.002 0.001 0.000 0.000 0.000 0.975 0.009 0.012 
 145 L L   0.000 0.000 0.000 0.026 0.000 0.002 0.010 0.961 
 146 L E   0.000 0.000 0.000 0.932 0.009 0.001 0.003 0.054 
 147 Y E   0.000 0.000 0.000 0.975 0.002 0.000 0.001 0.021 
 148 C E   0.000 0.001 0.000 0.937 0.003 0.001 0.003 0.056 
 149 D E   0.001 0.001 0.000 0.848 0.013 0.001 0.003 0.134 
 150 W L   0.001 0.004 0.000 0.430 0.011 0.005 0.037 0.512 
 151 N L   0.005 0.012 0.000 0.230 0.025 0.024 0.081 0.624 
 152 V L   0.007 0.034 0.000 0.119 0.050 0.082 0.202 0.506 
 153 S L   0.015 0.075 0.000 0.081 0.091 0.156 0.170 0.413 
 154 S T   0.022 0.114 0.000 0.032 0.030 0.319 0.175 0.307 
 155 G T   0.015 0.103 0.000 0.010 0.018 0.371 0.235 0.249 
 156 D L   0.008 0.067 0.000 0.003 0.013 0.242 0.163 0.504 
 157 A S   0.005 0.019 0.000 0.006 0.027 0.151 0.441 0.351 
 158 N S   0.001 0.003 0.000 0.008 0.017 0.043 0.494 0.434 
 159 P L   0.001 0.004 0.000 0.011 0.025 0.019 0.428 0.512 
 160 K L   0.001 0.004 0.000 0.015 0.021 0.023 0.377 0.559 
 161 P L   0.001 0.003 0.000 0.023 0.032 0.016 0.184 0.741 
 162 I L   0.004 0.001 0.000 0.029 0.051 0.003 0.040 0.872 
 163 S L   0.012 0.000 0.000 0.014 0.017 0.002 0.019 0.936 
 164 T H   0.986 0.001 0.000 0.000 0.000 0.007 0.002 0.004 
 165 E H   0.993 0.001 0.000 0.000 0.000 0.005 0.001 0.001 
 166 Q H   0.996 0.001 0.000 0.000 0.000 0.002 0.000 0.001 
 167 V H   0.998 0.000 0.000 0.000 0.000 0.001 0.000 0.001 
 168 V H   0.998 0.000 0.000 0.000 0.000 0.001 0.000 0.000 
 169 Q H   0.998 0.000 0.000 0.000 0.000 0.001 0.000 0.000 
 170 N H   0.997 0.001 0.000 0.000 0.000 0.002 0.000 0.001 
 171 V H   0.994 0.002 0.000 0.000 0.000 0.003 0.000 0.001 
 172 I H   0.973 0.005 0.000 0.000 0.000 0.018 0.001 0.002 
 173 S H   0.858 0.010 0.000 0.000 0.000 0.124 0.005 0.003 
 174 G H   0.716 0.014 0.001 0.001 0.000 0.230 0.020 0.018 
 175 V H   0.604 0.027 0.001 0.007 0.005 0.070 0.070 0.218 
 176 Q H   0.553 0.044 0.000 0.010 0.005 0.069 0.040 0.279 
 177 S H   0.381 0.049 0.000 0.012 0.006 0.309 0.151 0.093 
 178 H T   0.069 0.029 0.000 0.002 0.001 0.427 0.421 0.050 
 179 N L   0.003 0.010 0.000 0.019 0.002 0.255 0.322 0.389 
 180 V L   0.001 0.003 0.000 0.408 0.006 0.011 0.053 0.519 
 181 S E   0.001 0.001 0.000 0.831 0.002 0.001 0.023 0.142 
 182 V E   0.001 0.000 0.000 0.983 0.001 0.000 0.002 0.013 
 183 V E   0.001 0.000 0.000 0.994 0.000 0.000 0.000 0.005 
 184 L E   0.000 0.000 0.000 0.989 0.000 0.000 0.001 0.008 
 185 Q E   0.001 0.001 0.000 0.914 0.005 0.002 0.012 0.065 
 186 H L   0.000 0.002 0.000 0.220 0.003 0.007 0.101 0.667 
 187 D L   0.002 0.005 0.000 0.045 0.011 0.036 0.303 0.598 
 188 I L   0.007 0.019 0.000 0.011 0.016 0.064 0.385 0.498 
 189 K S   0.077 0.083 0.000 0.006 0.009 0.165 0.388 0.272 
 190 E H   0.315 0.114 0.001 0.009 0.008 0.285 0.193 0.076 
 191 F H   0.369 0.089 0.001 0.010 0.015 0.138 0.048 0.331 
 192 S H   0.567 0.040 0.001 0.003 0.010 0.019 0.039 0.320 
 193 V H   0.922 0.019 0.000 0.001 0.000 0.045 0.005 0.008 
 194 N H   0.933 0.018 0.000 0.000 0.000 0.041 0.003 0.004 
 195 A H   0.958 0.013 0.000 0.000 0.000 0.020 0.002 0.005 
 196 V H   0.985 0.004 0.000 0.000 0.000 0.007 0.001 0.002 
 197 E H   0.992 0.002 0.000 0.000 0.000 0.004 0.000 0.001 
 198 Q H   0.992 0.001 0.000 0.000 0.000 0.005 0.000 0.001 
 199 I H   0.996 0.001 0.000 0.000 0.000 0.002 0.000 0.001 
 200 I H   0.999 0.000 0.000 0.000 0.000 0.001 0.000 0.000 
 201 Q H   0.999 0.000 0.000 0.000 0.000 0.001 0.000 0.000 
 202 W H   0.999 0.000 0.000 0.000 0.000 0.001 0.000 0.000 
 203 G H   0.995 0.001 0.000 0.000 0.000 0.003 0.000 0.000 
 204 Q H   0.993 0.002 0.000 0.000 0.000 0.004 0.000 0.001 
 205 A H   0.925 0.004 0.000 0.000 0.000 0.069 0.002 0.001 
 206 N T   0.074 0.003 0.000 0.000 0.000 0.910 0.008 0.005 
 207 G T   0.002 0.001 0.000 0.000 0.000 0.978 0.006 0.013 
 208 Y L   0.000 0.000 0.000 0.012 0.000 0.001 0.006 0.981 
 209 T E   0.001 0.000 0.000 0.906 0.012 0.001 0.006 0.074 
 210 F E   0.000 0.000 0.000 0.968 0.006 0.000 0.002 0.024 
 211 L E   0.001 0.000 0.000 0.795 0.005 0.001 0.010 0.188 
 212 P L   0.001 0.002 0.000 0.390 0.006 0.001 0.010 0.589 
 213 L G   0.067 0.639 0.000 0.008 0.000 0.162 0.033 0.089 
 214 T G   0.071 0.651 0.000 0.002 0.001 0.184 0.027 0.064 
 215 T G   0.068 0.622 0.000 0.001 0.001 0.115 0.053 0.139 
 216 S L   0.047 0.097 0.000 0.003 0.008 0.097 0.314 0.435 
 217 S L   0.009 0.017 0.000 0.004 0.005 0.019 0.393 0.553 
 218 P L   0.014 0.028 0.000 0.004 0.005 0.055 0.059 0.834 
 219 M L   0.026 0.051 0.000 0.002 0.003 0.087 0.043 0.788 
 220 S L   0.022 0.039 0.000 0.003 0.003 0.062 0.037 0.835 
 221 H L   0.019 0.036 0.000 0.004 0.004 0.053 0.040 0.844 
 222 H L   0.008 0.025 0.000 0.002 0.001 0.041 0.033 0.890 
 223 R L   0.005 0.023 0.000 0.004 0.003 0.033 0.026 0.906 
 224 V L   0.002 0.012 0.000 0.005 0.003 0.030 0.052 0.896 
 225 N L   0.001 0.004 0.000 0.005 0.004 0.017 0.000 0.968 
 226 N L   0.000 0.000 0.000 0.000 0.000 0.000 0.000 0.999 
