#DeepConCNF_SS8: eight-class secondary structure prediction results 
#probabilities are in the order of H G I E B T S L(loops), the 8 secondary structure types used in DSSP 
   1 S L   0.000 0.000 0.000 0.000 0.000 0.000 0.000 0.999 
   2 L L   0.001 0.001 0.000 0.002 0.001 0.003 0.000 0.991 
   3 R L   0.003 0.003 0.000 0.003 0.002 0.012 0.016 0.962 
   4 F L   0.003 0.005 0.000 0.003 0.002 0.006 0.012 0.969 
   5 T L   0.003 0.005 0.000 0.002 0.001 0.006 0.012 0.972 
   6 A L   0.002 0.005 0.000 0.001 0.001 0.011 0.019 0.961 
   7 S L   0.002 0.004 0.000 0.001 0.001 0.011 0.013 0.968 
   8 T L   0.002 0.003 0.000 0.001 0.001 0.007 0.019 0.967 
   9 S L   0.002 0.002 0.000 0.001 0.001 0.005 0.014 0.974 
  10 T L   0.005 0.001 0.000 0.002 0.001 0.006 0.013 0.971 
  11 P L   0.021 0.001 0.000 0.002 0.001 0.007 0.009 0.959 
  12 K L   0.116 0.003 0.000 0.002 0.002 0.014 0.011 0.852 
  13 S H   0.606 0.004 0.000 0.002 0.001 0.021 0.012 0.355 
  14 G H   0.870 0.004 0.000 0.001 0.000 0.012 0.006 0.106 
  15 S H   0.912 0.004 0.000 0.001 0.000 0.008 0.004 0.071 
  16 K H   0.957 0.003 0.000 0.002 0.000 0.008 0.003 0.027 
  17 I H   0.968 0.003 0.000 0.002 0.000 0.009 0.003 0.015 
  18 A H   0.953 0.005 0.000 0.001 0.000 0.016 0.004 0.021 
  19 K H   0.928 0.007 0.000 0.001 0.000 0.033 0.005 0.026 
  20 R H   0.838 0.009 0.000 0.001 0.001 0.081 0.014 0.057 
  21 G L   0.297 0.012 0.000 0.002 0.002 0.115 0.042 0.530 
  22 K L   0.133 0.013 0.000 0.002 0.003 0.083 0.052 0.713 
  23 K L   0.055 0.009 0.000 0.001 0.004 0.080 0.128 0.722 
  24 H L   0.017 0.003 0.000 0.001 0.002 0.019 0.138 0.820 
  25 P L   0.038 0.002 0.000 0.002 0.003 0.011 0.065 0.879 
  26 E L   0.147 0.005 0.000 0.003 0.006 0.009 0.029 0.801 
  27 P H   0.772 0.022 0.000 0.001 0.001 0.016 0.017 0.170 
  28 V H   0.908 0.028 0.000 0.002 0.001 0.014 0.014 0.033 
  29 A H   0.927 0.030 0.000 0.002 0.000 0.008 0.009 0.024 
  30 S H   0.932 0.026 0.000 0.001 0.000 0.011 0.007 0.023 
  31 W H   0.938 0.027 0.000 0.002 0.001 0.016 0.005 0.012 
  32 M H   0.919 0.028 0.000 0.002 0.000 0.034 0.004 0.012 
  33 S H   0.863 0.031 0.001 0.001 0.001 0.082 0.009 0.012 
  34 E H   0.793 0.046 0.001 0.001 0.002 0.112 0.015 0.029 
  35 Q H   0.725 0.089 0.001 0.001 0.003 0.084 0.040 0.058 
  36 R H   0.694 0.131 0.001 0.003 0.004 0.080 0.028 0.059 
  37 W H   0.689 0.137 0.001 0.007 0.008 0.067 0.032 0.058 
  38 A H   0.527 0.109 0.001 0.003 0.003 0.264 0.056 0.037 
  39 G T   0.332 0.029 0.000 0.001 0.002 0.469 0.060 0.107 
  40 E H   0.705 0.008 0.001 0.004 0.010 0.018 0.026 0.228 
  41 P H   0.894 0.008 0.000 0.005 0.002 0.015 0.019 0.056 
  42 E H   0.946 0.011 0.001 0.008 0.001 0.018 0.004 0.012 
  43 V H   0.965 0.008 0.000 0.008 0.000 0.007 0.003 0.008 
  44 M H   0.965 0.006 0.000 0.009 0.001 0.009 0.002 0.008 
  45 C H   0.949 0.008 0.000 0.010 0.001 0.020 0.002 0.010 
  46 T H   0.939 0.011 0.000 0.011 0.001 0.029 0.003 0.006 
  47 L H   0.880 0.015 0.000 0.010 0.001 0.081 0.005 0.008 
  48 Q H   0.664 0.015 0.000 0.008 0.002 0.268 0.020 0.022 
  49 H H   0.401 0.014 0.000 0.008 0.005 0.260 0.107 0.205 
  50 K H   0.336 0.010 0.000 0.013 0.008 0.075 0.317 0.241 
  51 S L   0.415 0.012 0.000 0.026 0.025 0.057 0.049 0.416 
  52 I H   0.525 0.017 0.000 0.012 0.012 0.037 0.084 0.313 
  53 A H   0.598 0.019 0.000 0.004 0.003 0.039 0.033 0.303 
  54 Q H   0.868 0.026 0.000 0.001 0.001 0.080 0.015 0.009 
  55 E H   0.872 0.024 0.000 0.001 0.001 0.084 0.010 0.009 
  56 A H   0.859 0.024 0.000 0.001 0.001 0.094 0.009 0.011 
  57 Y H   0.833 0.017 0.000 0.002 0.001 0.105 0.011 0.031 
  58 K H   0.794 0.011 0.000 0.006 0.003 0.059 0.024 0.103 
  59 N H   0.767 0.005 0.000 0.015 0.004 0.052 0.036 0.121 
  60 Y H   0.729 0.003 0.000 0.032 0.006 0.021 0.016 0.193 
  61 T H   0.778 0.004 0.000 0.039 0.005 0.014 0.019 0.140 
  62 I H   0.827 0.006 0.000 0.038 0.005 0.026 0.027 0.071 
  63 T H   0.820 0.007 0.000 0.026 0.002 0.034 0.024 0.087 
  64 T H   0.849 0.008 0.000 0.016 0.002 0.049 0.027 0.048 
  65 S H   0.860 0.008 0.000 0.011 0.002 0.056 0.031 0.032 
  66 A H   0.874 0.008 0.000 0.007 0.001 0.043 0.025 0.041 
  67 V H   0.918 0.006 0.000 0.005 0.001 0.021 0.010 0.039 
  68 C H   0.951 0.005 0.000 0.003 0.000 0.010 0.005 0.025 
  69 K H   0.976 0.005 0.000 0.002 0.000 0.006 0.002 0.009 
  70 L H   0.981 0.004 0.000 0.001 0.000 0.005 0.001 0.007 
  71 V H   0.986 0.004 0.000 0.001 0.000 0.003 0.001 0.005 
  72 R H   0.985 0.004 0.000 0.001 0.000 0.005 0.001 0.004 
  73 Q H   0.980 0.004 0.000 0.001 0.000 0.009 0.001 0.005 
  74 L H   0.974 0.005 0.000 0.001 0.000 0.010 0.002 0.008 
  75 Q H   0.945 0.007 0.000 0.001 0.000 0.028 0.004 0.015 
  76 Q H   0.907 0.008 0.000 0.001 0.000 0.058 0.007 0.018 
  77 Q H   0.856 0.007 0.000 0.002 0.001 0.069 0.027 0.037 
  78 A H   0.793 0.005 0.000 0.003 0.001 0.037 0.018 0.143 
  79 L H   0.819 0.005 0.000 0.005 0.004 0.022 0.060 0.084 
  80 S H   0.825 0.006 0.001 0.007 0.003 0.016 0.022 0.120 
  81 L H   0.932 0.009 0.000 0.007 0.002 0.012 0.009 0.029 
  82 Q H   0.950 0.007 0.000 0.005 0.001 0.012 0.005 0.020 
  83 V H   0.958 0.007 0.000 0.002 0.000 0.011 0.005 0.017 
  84 H H   0.956 0.004 0.000 0.001 0.000 0.007 0.002 0.029 
  85 F H   0.974 0.004 0.000 0.000 0.000 0.006 0.002 0.014 
  86 E H   0.987 0.003 0.000 0.000 0.000 0.004 0.001 0.005 
  87 R H   0.988 0.004 0.000 0.000 0.000 0.004 0.001 0.004 
  88 S H   0.984 0.004 0.000 0.000 0.000 0.006 0.001 0.005 
  89 E H   0.984 0.004 0.000 0.000 0.000 0.007 0.001 0.005 
  90 R H   0.976 0.005 0.000 0.000 0.000 0.011 0.001 0.007 
  91 V H   0.966 0.006 0.000 0.001 0.000 0.017 0.002 0.008 
  92 L H   0.930 0.009 0.000 0.001 0.000 0.042 0.006 0.011 
  93 S H   0.671 0.016 0.000 0.001 0.000 0.256 0.017 0.039 
  94 G H   0.493 0.028 0.000 0.002 0.002 0.345 0.031 0.100 
  95 L L   0.307 0.038 0.000 0.004 0.004 0.194 0.141 0.313 
  96 Q L   0.198 0.042 0.000 0.008 0.007 0.214 0.126 0.405 
  97 A L   0.119 0.032 0.000 0.010 0.009 0.085 0.039 0.706 
  98 S L   0.073 0.016 0.000 0.006 0.007 0.014 0.069 0.815 
  99 S L   0.077 0.010 0.000 0.006 0.008 0.016 0.075 0.809 
 100 L H   0.820 0.023 0.000 0.001 0.001 0.015 0.017 0.123 
 101 P H   0.858 0.028 0.000 0.001 0.001 0.023 0.014 0.075 
 102 E H   0.869 0.034 0.000 0.001 0.001 0.030 0.013 0.051 
 103 A H   0.868 0.022 0.000 0.001 0.001 0.030 0.018 0.060 
 104 L H   0.833 0.018 0.000 0.002 0.002 0.043 0.040 0.061 
 105 A H   0.836 0.015 0.000 0.001 0.000 0.116 0.013 0.019 
 106 G H   0.827 0.009 0.000 0.000 0.000 0.129 0.009 0.024 
 107 A H   0.950 0.004 0.000 0.001 0.001 0.012 0.004 0.027 
 108 T H   0.982 0.002 0.000 0.001 0.000 0.005 0.002 0.009 
 109 Q H   0.986 0.002 0.000 0.000 0.000 0.005 0.001 0.005 
 110 L H   0.990 0.002 0.000 0.000 0.000 0.004 0.001 0.003 
 111 L H   0.988 0.002 0.000 0.000 0.000 0.005 0.001 0.003 
 112 S H   0.969 0.002 0.000 0.000 0.000 0.023 0.002 0.003 
 113 H H   0.931 0.003 0.000 0.000 0.000 0.051 0.003 0.012 
 114 L H   0.984 0.002 0.000 0.000 0.000 0.007 0.001 0.005 
 115 D H   0.993 0.002 0.000 0.000 0.000 0.003 0.000 0.002 
 116 D H   0.990 0.002 0.000 0.000 0.000 0.005 0.000 0.002 
 117 F H   0.990 0.002 0.000 0.000 0.000 0.004 0.001 0.003 
 118 T H   0.985 0.003 0.000 0.001 0.000 0.006 0.001 0.005 
 119 A H   0.969 0.004 0.000 0.001 0.000 0.015 0.002 0.008 
 120 T H   0.938 0.006 0.000 0.001 0.000 0.032 0.005 0.017 
 121 L H   0.880 0.008 0.000 0.002 0.001 0.052 0.015 0.042 
 122 E H   0.754 0.013 0.000 0.002 0.002 0.123 0.031 0.077 
 123 R H   0.626 0.016 0.000 0.002 0.003 0.177 0.056 0.120 
 124 R H   0.459 0.020 0.000 0.003 0.005 0.222 0.083 0.208 
 125 G L   0.147 0.017 0.000 0.002 0.002 0.213 0.149 0.469 
 126 V L   0.190 0.030 0.000 0.003 0.008 0.189 0.150 0.430 
 127 F L   0.214 0.029 0.000 0.003 0.004 0.153 0.062 0.534 
 128 F H   0.408 0.044 0.000 0.003 0.003 0.202 0.081 0.258 
 129 N H   0.540 0.033 0.000 0.002 0.003 0.181 0.084 0.157 
 130 D H   0.697 0.031 0.000 0.003 0.004 0.104 0.054 0.107 
 131 A H   0.792 0.018 0.000 0.002 0.002 0.083 0.040 0.064 
 132 K H   0.854 0.011 0.000 0.002 0.002 0.055 0.022 0.054 
 133 I H   0.876 0.006 0.000 0.002 0.002 0.019 0.020 0.075 
 134 E H   0.885 0.004 0.000 0.001 0.001 0.015 0.008 0.086 
 135 R H   0.948 0.004 0.000 0.001 0.001 0.011 0.004 0.031 
 136 R H   0.957 0.004 0.000 0.001 0.000 0.012 0.003 0.023 
 137 R H   0.968 0.003 0.000 0.000 0.000 0.011 0.003 0.015 
 138 Y H   0.984 0.002 0.000 0.000 0.000 0.006 0.001 0.007 
 139 E H   0.990 0.002 0.000 0.000 0.000 0.004 0.001 0.003 
 140 Q H   0.991 0.002 0.000 0.000 0.000 0.004 0.001 0.002 
 141 H H   0.989 0.002 0.000 0.000 0.000 0.006 0.001 0.002 
 142 L H   0.992 0.002 0.000 0.000 0.000 0.004 0.001 0.002 
 143 E H   0.993 0.002 0.000 0.000 0.000 0.003 0.001 0.001 
 144 Q H   0.991 0.002 0.000 0.000 0.000 0.005 0.001 0.002 
 145 I H   0.990 0.002 0.000 0.000 0.000 0.005 0.001 0.002 
 146 R H   0.986 0.002 0.000 0.000 0.000 0.007 0.001 0.003 
 147 T H   0.974 0.003 0.000 0.000 0.000 0.015 0.002 0.006 
 148 V H   0.965 0.003 0.000 0.001 0.000 0.017 0.004 0.011 
 149 S H   0.903 0.004 0.000 0.001 0.000 0.030 0.007 0.055 
 150 K H   0.904 0.006 0.000 0.001 0.001 0.043 0.018 0.027 
 151 D H   0.880 0.007 0.000 0.001 0.000 0.043 0.018 0.051 
 152 T H   0.868 0.008 0.000 0.001 0.001 0.053 0.016 0.053 
 153 R H   0.882 0.007 0.000 0.002 0.001 0.043 0.017 0.048 
 154 Y H   0.884 0.008 0.000 0.003 0.004 0.019 0.018 0.063 
 155 S H   0.833 0.014 0.000 0.002 0.001 0.021 0.012 0.117 
 156 L H   0.863 0.054 0.000 0.002 0.001 0.031 0.011 0.039 
 157 E H   0.770 0.071 0.000 0.001 0.001 0.115 0.018 0.024 
 158 R H   0.598 0.083 0.000 0.001 0.001 0.219 0.032 0.067 
 159 Q H   0.463 0.076 0.000 0.003 0.003 0.178 0.070 0.208 
 160 H T   0.278 0.060 0.000 0.008 0.006 0.283 0.153 0.211 
 161 Y L   0.188 0.044 0.000 0.020 0.014 0.219 0.128 0.387 
 162 I L   0.124 0.015 0.000 0.017 0.023 0.027 0.210 0.585 
 163 N L   0.057 0.003 0.000 0.003 0.003 0.007 0.051 0.876 
 164 L H   0.914 0.017 0.000 0.000 0.000 0.018 0.014 0.037 
 165 E H   0.953 0.018 0.000 0.000 0.000 0.014 0.008 0.006 
 166 S H   0.955 0.022 0.000 0.000 0.000 0.010 0.004 0.008 
 167 L H   0.971 0.013 0.000 0.000 0.000 0.007 0.002 0.007 
 168 L H   0.973 0.013 0.000 0.001 0.000 0.007 0.002 0.005 
 169 D H   0.962 0.014 0.000 0.000 0.000 0.016 0.002 0.006 
 170 D H   0.930 0.016 0.000 0.000 0.000 0.039 0.004 0.010 
 171 V H   0.917 0.019 0.000 0.000 0.000 0.036 0.006 0.021 
 172 Q H   0.916 0.020 0.000 0.000 0.000 0.043 0.006 0.014 
 173 L H   0.919 0.019 0.000 0.000 0.000 0.043 0.007 0.010 
 174 L H   0.936 0.017 0.000 0.000 0.000 0.024 0.009 0.012 
 175 K H   0.955 0.014 0.000 0.001 0.000 0.015 0.005 0.009 
 176 R H   0.964 0.011 0.000 0.000 0.000 0.015 0.003 0.006 
 177 H H   0.968 0.008 0.000 0.000 0.000 0.013 0.002 0.007 
 178 T H   0.982 0.005 0.000 0.000 0.000 0.007 0.002 0.004 
 179 L H   0.990 0.003 0.000 0.000 0.000 0.004 0.001 0.002 
 180 I H   0.993 0.002 0.000 0.000 0.000 0.003 0.000 0.001 
 181 T H   0.994 0.001 0.000 0.000 0.000 0.002 0.000 0.001 
 182 L H   0.995 0.001 0.000 0.000 0.000 0.002 0.000 0.001 
 183 R H   0.995 0.001 0.000 0.000 0.000 0.003 0.000 0.001 
 184 L H   0.995 0.001 0.000 0.000 0.000 0.003 0.000 0.001 
 185 I H   0.995 0.001 0.000 0.000 0.000 0.003 0.000 0.001 
 186 F H   0.994 0.001 0.000 0.000 0.000 0.004 0.000 0.002 
 187 E H   0.995 0.001 0.000 0.000 0.000 0.003 0.000 0.001 
 188 R H   0.994 0.001 0.000 0.000 0.000 0.003 0.000 0.001 
 189 L H   0.995 0.001 0.000 0.000 0.000 0.003 0.000 0.001 
 190 V H   0.996 0.000 0.000 0.000 0.000 0.002 0.000 0.001 
 191 R H   0.997 0.000 0.000 0.000 0.000 0.002 0.000 0.001 
 192 V H   0.997 0.000 0.000 0.000 0.000 0.002 0.000 0.001 
 193 L H   0.997 0.000 0.000 0.000 0.000 0.001 0.000 0.001 
 194 V H   0.996 0.001 0.000 0.000 0.000 0.002 0.000 0.001 
 195 I H   0.994 0.001 0.000 0.000 0.000 0.003 0.000 0.001 
 196 S H   0.983 0.004 0.000 0.000 0.000 0.009 0.001 0.002 
 197 I H   0.965 0.009 0.000 0.000 0.000 0.017 0.002 0.007 
 198 E H   0.869 0.010 0.000 0.000 0.000 0.094 0.013 0.013 
 199 Q H   0.413 0.009 0.000 0.000 0.001 0.348 0.158 0.071 
 200 S L   0.011 0.003 0.000 0.001 0.003 0.056 0.210 0.715 
 201 Q L   0.010 0.003 0.000 0.000 0.002 0.037 0.287 0.661 
 202 C L   0.032 0.003 0.000 0.001 0.004 0.063 0.192 0.705 
 203 D H   0.593 0.010 0.000 0.001 0.003 0.031 0.039 0.322 
 204 L H   0.913 0.012 0.000 0.001 0.001 0.036 0.019 0.018 
 205 L H   0.951 0.011 0.000 0.001 0.000 0.026 0.005 0.006 
 206 L H   0.988 0.003 0.000 0.000 0.000 0.004 0.002 0.003 
 207 R H   0.995 0.000 0.000 0.000 0.000 0.001 0.001 0.003 
 208 A H   0.996 0.000 0.000 0.000 0.000 0.002 0.000 0.002 
 209 N H   0.996 0.000 0.000 0.000 0.000 0.003 0.000 0.001 
 210 I H   0.996 0.000 0.000 0.000 0.000 0.002 0.000 0.001 
 211 N H   0.997 0.000 0.000 0.000 0.000 0.001 0.000 0.001 
 212 M H   0.996 0.000 0.000 0.000 0.000 0.002 0.000 0.001 
 213 V H   0.997 0.001 0.000 0.000 0.000 0.001 0.000 0.001 
 214 A H   0.995 0.001 0.000 0.000 0.000 0.002 0.000 0.001 
 215 T H   0.989 0.004 0.000 0.000 0.000 0.006 0.001 0.001 
 216 L H   0.961 0.012 0.000 0.000 0.000 0.023 0.002 0.002 
 217 M H   0.683 0.017 0.000 0.000 0.000 0.277 0.016 0.006 
 218 N T   0.116 0.016 0.000 0.000 0.001 0.793 0.025 0.048 
 219 I L   0.016 0.007 0.000 0.002 0.011 0.092 0.186 0.686 
 220 D L   0.006 0.003 0.000 0.001 0.004 0.012 0.039 0.936 
 221 Y T   0.106 0.036 0.000 0.001 0.003 0.593 0.151 0.111 
 222 D T   0.148 0.033 0.000 0.003 0.004 0.621 0.148 0.044 
 223 G S   0.201 0.037 0.001 0.001 0.005 0.113 0.508 0.133 
 224 F H   0.653 0.033 0.001 0.002 0.007 0.075 0.049 0.180 
 225 R H   0.870 0.037 0.000 0.002 0.003 0.039 0.029 0.019 
 226 S H   0.885 0.035 0.000 0.001 0.001 0.021 0.014 0.043 
 227 L H   0.927 0.022 0.000 0.000 0.001 0.021 0.008 0.020 
 228 S H   0.981 0.007 0.000 0.001 0.000 0.008 0.002 0.002 
 229 D H   0.988 0.005 0.000 0.001 0.000 0.004 0.001 0.002 
 230 A H   0.986 0.004 0.000 0.001 0.000 0.006 0.001 0.002 
 231 F H   0.968 0.006 0.001 0.003 0.001 0.018 0.002 0.002 
 232 V H   0.862 0.008 0.001 0.003 0.001 0.110 0.006 0.011 
 233 Q H   0.661 0.013 0.001 0.003 0.002 0.288 0.018 0.014 
 234 N T   0.386 0.015 0.001 0.000 0.001 0.410 0.140 0.048 
 235 E H   0.447 0.018 0.001 0.001 0.003 0.390 0.084 0.057 
 236 A H   0.775 0.010 0.001 0.002 0.004 0.049 0.044 0.115 
 237 V H   0.981 0.006 0.000 0.001 0.000 0.007 0.002 0.002 
 238 R H   0.990 0.004 0.000 0.001 0.000 0.004 0.000 0.001 
 239 T H   0.995 0.003 0.000 0.000 0.000 0.001 0.000 0.001 
 240 L H   0.995 0.002 0.000 0.000 0.000 0.001 0.000 0.001 
 241 L H   0.995 0.002 0.000 0.000 0.000 0.002 0.000 0.001 
 242 V H   0.993 0.002 0.000 0.000 0.000 0.004 0.000 0.001 
 243 V H   0.985 0.002 0.000 0.000 0.000 0.009 0.001 0.002 
 244 V H   0.955 0.005 0.000 0.000 0.000 0.028 0.004 0.007 
 245 L H   0.859 0.007 0.000 0.001 0.000 0.106 0.012 0.014 
 246 D H   0.713 0.008 0.000 0.001 0.002 0.187 0.040 0.048 
 247 H L   0.103 0.011 0.000 0.002 0.005 0.177 0.117 0.585 
 248 K T   0.030 0.019 0.000 0.001 0.002 0.438 0.269 0.241 
 249 Q T   0.031 0.017 0.000 0.002 0.005 0.437 0.245 0.262 
 250 S L   0.131 0.018 0.000 0.008 0.017 0.028 0.156 0.642 
 251 S L   0.335 0.015 0.000 0.004 0.011 0.020 0.130 0.484 
 252 V H   0.900 0.014 0.000 0.002 0.002 0.035 0.020 0.027 
 253 R H   0.980 0.007 0.000 0.001 0.000 0.008 0.002 0.002 
 254 A H   0.990 0.004 0.000 0.000 0.000 0.003 0.001 0.002 
 255 L H   0.994 0.002 0.000 0.000 0.000 0.003 0.000 0.002 
 256 A H   0.997 0.001 0.000 0.000 0.000 0.001 0.000 0.001 
 257 L H   0.996 0.001 0.000 0.000 0.000 0.002 0.000 0.001 
 258 R H   0.996 0.001 0.000 0.000 0.000 0.002 0.000 0.001 
 259 A H   0.994 0.001 0.000 0.000 0.000 0.003 0.000 0.001 
 260 L H   0.995 0.001 0.000 0.000 0.000 0.002 0.000 0.001 
 261 A H   0.992 0.002 0.000 0.000 0.000 0.005 0.001 0.001 
 262 T H   0.979 0.005 0.000 0.000 0.000 0.014 0.001 0.001 
 263 L H   0.940 0.009 0.000 0.000 0.000 0.046 0.002 0.002 
 264 C H   0.621 0.010 0.001 0.000 0.000 0.343 0.019 0.006 
 265 C T   0.321 0.009 0.000 0.001 0.002 0.516 0.048 0.104 
 266 A L   0.347 0.005 0.000 0.001 0.004 0.012 0.189 0.440 
 267 P H   0.938 0.008 0.000 0.000 0.000 0.030 0.011 0.012 
 268 Q H   0.966 0.008 0.000 0.000 0.000 0.020 0.003 0.002 
 269 A H   0.984 0.008 0.000 0.000 0.000 0.005 0.001 0.002 
 270 I H   0.989 0.005 0.000 0.000 0.000 0.003 0.000 0.002 
 271 N H   0.982 0.005 0.000 0.000 0.000 0.010 0.001 0.002 
 272 Q H   0.976 0.006 0.000 0.001 0.000 0.013 0.001 0.003 
 273 L H   0.939 0.009 0.001 0.001 0.001 0.041 0.003 0.005 
 274 G H   0.717 0.014 0.001 0.001 0.001 0.244 0.010 0.013 
 275 S H   0.500 0.020 0.000 0.001 0.001 0.433 0.029 0.016 
 276 C T   0.113 0.015 0.000 0.000 0.001 0.716 0.121 0.033 
 277 G T   0.045 0.009 0.000 0.001 0.002 0.765 0.043 0.136 
 278 G L   0.196 0.007 0.000 0.003 0.007 0.050 0.151 0.585 
 279 I H   0.870 0.009 0.000 0.011 0.003 0.011 0.018 0.078 
 280 E H   0.951 0.011 0.000 0.021 0.000 0.006 0.005 0.004 
 281 I H   0.954 0.012 0.000 0.024 0.000 0.005 0.002 0.003 
 282 V H   0.953 0.010 0.000 0.025 0.000 0.005 0.002 0.004 
 283 R H   0.934 0.012 0.000 0.025 0.001 0.019 0.004 0.006 
 284 D H   0.891 0.019 0.000 0.022 0.001 0.044 0.008 0.015 
 285 I H   0.839 0.026 0.000 0.022 0.002 0.072 0.013 0.025 
 286 L H   0.710 0.025 0.000 0.022 0.004 0.177 0.026 0.036 
 287 Q H   0.433 0.022 0.000 0.027 0.008 0.322 0.050 0.136 
 288 V L   0.291 0.017 0.000 0.041 0.022 0.149 0.135 0.344 
 289 E L   0.220 0.025 0.000 0.035 0.022 0.228 0.112 0.359 
 290 S L   0.096 0.029 0.000 0.013 0.006 0.212 0.113 0.531 
 291 A L   0.103 0.055 0.000 0.004 0.004 0.219 0.151 0.462 
 292 G L   0.119 0.059 0.000 0.004 0.004 0.249 0.245 0.321 
 293 E L   0.276 0.070 0.000 0.012 0.014 0.152 0.148 0.327 
 294 R H   0.390 0.050 0.000 0.006 0.004 0.162 0.108 0.280 
 295 G H   0.497 0.033 0.001 0.007 0.009 0.131 0.069 0.253 
 296 A H   0.870 0.012 0.000 0.005 0.004 0.016 0.024 0.069 
 297 I H   0.893 0.008 0.000 0.003 0.001 0.011 0.011 0.073 
 298 E H   0.895 0.006 0.000 0.001 0.001 0.012 0.006 0.079 
 299 R H   0.969 0.002 0.000 0.001 0.000 0.006 0.003 0.018 
 300 R H   0.984 0.001 0.000 0.001 0.000 0.004 0.001 0.007 
 301 E H   0.990 0.001 0.000 0.001 0.000 0.004 0.001 0.004 
 302 A H   0.994 0.001 0.000 0.000 0.000 0.002 0.000 0.002 
 303 V H   0.995 0.001 0.000 0.000 0.000 0.002 0.000 0.001 
 304 S H   0.994 0.001 0.000 0.000 0.000 0.002 0.000 0.002 
 305 L H   0.992 0.001 0.000 0.000 0.000 0.004 0.000 0.001 
 306 L H   0.987 0.002 0.000 0.000 0.000 0.007 0.001 0.002 
 307 A H   0.973 0.003 0.000 0.001 0.000 0.019 0.001 0.003 
 308 Q H   0.932 0.003 0.000 0.001 0.000 0.048 0.004 0.011 
 309 I H   0.888 0.004 0.001 0.004 0.002 0.029 0.011 0.061 
 310 T H   0.815 0.011 0.001 0.009 0.009 0.019 0.025 0.110 
 311 A H   0.677 0.082 0.001 0.007 0.006 0.047 0.025 0.156 
 312 A H   0.603 0.124 0.000 0.005 0.003 0.150 0.017 0.098 
 313 W H   0.529 0.113 0.001 0.006 0.008 0.173 0.038 0.134 
 314 H H   0.349 0.047 0.000 0.007 0.018 0.228 0.134 0.216 
 315 G T   0.076 0.032 0.000 0.004 0.007 0.355 0.178 0.348 
 316 S T   0.065 0.086 0.000 0.003 0.009 0.336 0.194 0.307 
 317 E T   0.043 0.131 0.000 0.004 0.007 0.357 0.145 0.313 
 318 H L   0.026 0.107 0.000 0.010 0.009 0.221 0.166 0.461 
 319 R L   0.032 0.060 0.000 0.031 0.057 0.115 0.116 0.589 
 320 V L   0.022 0.011 0.000 0.024 0.025 0.014 0.098 0.806 
 321 P T   0.166 0.098 0.000 0.002 0.002 0.530 0.057 0.144 
 322 G T   0.195 0.102 0.001 0.002 0.004 0.489 0.047 0.160 
 323 L H   0.577 0.218 0.001 0.006 0.014 0.047 0.054 0.082 
 324 R H   0.642 0.235 0.001 0.009 0.008 0.039 0.020 0.047 
 325 D H   0.381 0.254 0.001 0.000 0.001 0.347 0.009 0.007 
 326 C T   0.303 0.176 0.001 0.000 0.000 0.485 0.016 0.019 
 327 A H   0.984 0.003 0.001 0.000 0.001 0.006 0.002 0.003 
 328 E H   0.998 0.000 0.000 0.000 0.000 0.001 0.000 0.000 
 329 S H   0.988 0.001 0.000 0.000 0.000 0.010 0.000 0.001 
 330 L H   0.997 0.001 0.000 0.000 0.000 0.001 0.000 0.000 
 331 V H   0.997 0.000 0.000 0.000 0.000 0.002 0.000 0.000 
 332 A H   0.996 0.000 0.000 0.000 0.000 0.002 0.000 0.001 
 333 G H   0.995 0.000 0.000 0.000 0.000 0.003 0.000 0.001 
 334 L H   0.992 0.001 0.000 0.001 0.000 0.004 0.000 0.002 
 335 A H   0.969 0.003 0.000 0.001 0.000 0.024 0.002 0.002 
 336 A H   0.735 0.010 0.000 0.000 0.000 0.245 0.004 0.005 
 337 L H   0.666 0.013 0.000 0.002 0.001 0.282 0.015 0.021 
 338 L H   0.525 0.011 0.000 0.017 0.017 0.159 0.104 0.166 
 339 Q L   0.019 0.003 0.000 0.010 0.007 0.018 0.148 0.796 
 340 P L   0.005 0.001 0.000 0.006 0.010 0.006 0.001 0.971 
 341 E L   0.000 0.000 0.000 0.000 0.000 0.000 0.000 0.999 
