#DeepConCNF_SS8: eight-class secondary structure prediction results 
#probabilities are in the order of H G I E B T S L(loops), the 8 secondary structure types used in DSSP 
   1 S L   0.000 0.000 0.000 0.000 0.000 0.000 0.000 0.999 
   2 H L   0.001 0.001 0.000 0.001 0.001 0.002 0.000 0.995 
   3 D L   0.001 0.001 0.000 0.001 0.001 0.004 0.006 0.986 
   4 G L   0.001 0.001 0.000 0.001 0.000 0.002 0.005 0.989 
   5 N L   0.001 0.001 0.000 0.001 0.001 0.003 0.007 0.986 
   6 S L   0.001 0.001 0.000 0.001 0.001 0.004 0.008 0.984 
   7 Q L   0.001 0.002 0.000 0.001 0.000 0.004 0.007 0.984 
   8 Q L   0.002 0.002 0.000 0.001 0.001 0.005 0.012 0.978 
   9 G L   0.003 0.002 0.000 0.001 0.000 0.006 0.011 0.977 
  10 S L   0.006 0.002 0.000 0.002 0.001 0.008 0.009 0.974 
  11 G L   0.009 0.003 0.000 0.001 0.001 0.007 0.010 0.969 
  12 S L   0.014 0.004 0.000 0.001 0.001 0.006 0.011 0.964 
  13 D L   0.031 0.007 0.000 0.002 0.001 0.015 0.013 0.932 
  14 G L   0.063 0.008 0.000 0.001 0.001 0.029 0.020 0.878 
  15 G L   0.167 0.008 0.000 0.002 0.001 0.026 0.021 0.775 
  16 S L   0.429 0.006 0.000 0.002 0.002 0.024 0.020 0.518 
  17 S H   0.663 0.004 0.000 0.002 0.001 0.023 0.017 0.290 
  18 M H   0.870 0.003 0.000 0.002 0.001 0.013 0.011 0.100 
  19 C H   0.941 0.002 0.000 0.002 0.000 0.010 0.005 0.040 
  20 L H   0.982 0.001 0.000 0.001 0.000 0.006 0.002 0.008 
  21 E H   0.990 0.001 0.000 0.001 0.000 0.003 0.001 0.005 
  22 L H   0.993 0.000 0.000 0.000 0.000 0.002 0.000 0.003 
  23 A H   0.994 0.000 0.000 0.000 0.000 0.003 0.000 0.003 
  24 L H   0.993 0.000 0.000 0.000 0.000 0.003 0.000 0.003 
  25 E H   0.993 0.000 0.000 0.000 0.000 0.003 0.000 0.003 
  26 G H   0.992 0.000 0.000 0.000 0.000 0.004 0.000 0.003 
  27 E H   0.995 0.000 0.000 0.000 0.000 0.002 0.000 0.002 
  28 R H   0.998 0.000 0.000 0.000 0.000 0.001 0.000 0.001 
  29 L H   0.994 0.001 0.000 0.000 0.000 0.003 0.000 0.001 
  30 C H   0.994 0.002 0.000 0.000 0.000 0.003 0.000 0.001 
  31 K H   0.968 0.003 0.000 0.000 0.000 0.026 0.001 0.001 
  32 A T   0.179 0.003 0.000 0.000 0.000 0.803 0.009 0.004 
  33 G T   0.007 0.002 0.000 0.000 0.000 0.971 0.010 0.011 
  34 D L   0.010 0.000 0.000 0.000 0.001 0.001 0.006 0.981 
  35 C H   0.960 0.005 0.000 0.000 0.000 0.021 0.005 0.008 
  36 R H   0.978 0.004 0.000 0.000 0.000 0.013 0.001 0.003 
  37 A H   0.992 0.004 0.000 0.000 0.000 0.003 0.000 0.001 
  38 G H   0.996 0.001 0.000 0.000 0.000 0.002 0.000 0.001 
  39 V H   0.997 0.000 0.000 0.000 0.000 0.002 0.000 0.001 
  40 A H   0.997 0.000 0.000 0.000 0.000 0.002 0.000 0.001 
  41 F H   0.994 0.000 0.000 0.000 0.000 0.002 0.000 0.003 
  42 F H   0.995 0.000 0.000 0.000 0.000 0.002 0.000 0.002 
  43 Q H   0.994 0.001 0.000 0.000 0.000 0.003 0.000 0.002 
  44 A H   0.991 0.001 0.000 0.000 0.000 0.005 0.000 0.002 
  45 A H   0.990 0.002 0.000 0.000 0.000 0.005 0.001 0.002 
  46 I H   0.972 0.004 0.000 0.000 0.000 0.019 0.002 0.003 
  47 Q H   0.931 0.006 0.000 0.000 0.000 0.051 0.007 0.004 
  48 A H   0.691 0.007 0.000 0.001 0.001 0.253 0.022 0.026 
  49 G L   0.050 0.007 0.000 0.001 0.001 0.421 0.043 0.476 
  50 T L   0.041 0.012 0.000 0.001 0.002 0.189 0.055 0.699 
  51 E S   0.045 0.017 0.000 0.001 0.005 0.256 0.519 0.157 
  52 D L   0.039 0.009 0.000 0.002 0.004 0.019 0.080 0.848 
  53 L H   0.943 0.008 0.000 0.000 0.000 0.015 0.013 0.021 
  54 R H   0.957 0.006 0.000 0.000 0.000 0.024 0.006 0.006 
  55 T H   0.979 0.007 0.000 0.000 0.000 0.006 0.002 0.005 
  56 L H   0.992 0.001 0.000 0.000 0.000 0.002 0.001 0.004 
  57 S H   0.996 0.001 0.000 0.000 0.000 0.002 0.000 0.001 
  58 A H   0.996 0.000 0.000 0.000 0.000 0.002 0.000 0.001 
  59 I H   0.995 0.000 0.000 0.000 0.000 0.002 0.000 0.002 
  60 Y H   0.996 0.000 0.000 0.000 0.000 0.002 0.000 0.001 
  61 S H   0.995 0.000 0.000 0.000 0.000 0.003 0.000 0.001 
  62 Q H   0.996 0.000 0.000 0.000 0.000 0.003 0.000 0.001 
  63 L H   0.997 0.000 0.000 0.000 0.000 0.002 0.000 0.001 
  64 G H   0.997 0.000 0.000 0.000 0.000 0.002 0.000 0.001 
  65 N H   0.998 0.000 0.000 0.000 0.000 0.001 0.000 0.001 
  66 A H   0.998 0.000 0.000 0.000 0.000 0.001 0.000 0.000 
  67 Y H   0.993 0.001 0.000 0.000 0.000 0.004 0.000 0.001 
  68 F H   0.994 0.003 0.000 0.000 0.000 0.003 0.000 0.000 
  69 Y H   0.963 0.004 0.000 0.000 0.000 0.031 0.001 0.001 
  70 L T   0.128 0.003 0.000 0.000 0.000 0.856 0.009 0.004 
  71 G T   0.006 0.001 0.000 0.000 0.000 0.972 0.010 0.010 
  72 D L   0.010 0.000 0.000 0.000 0.001 0.001 0.005 0.982 
  73 Y H   0.976 0.003 0.000 0.000 0.000 0.012 0.003 0.005 
  74 N H   0.987 0.003 0.000 0.000 0.000 0.008 0.001 0.002 
  75 K H   0.994 0.002 0.000 0.000 0.000 0.002 0.000 0.001 
  76 A H   0.997 0.000 0.000 0.000 0.000 0.001 0.000 0.001 
  77 M H   0.997 0.000 0.000 0.000 0.000 0.002 0.000 0.001 
  78 Q H   0.997 0.000 0.000 0.000 0.000 0.002 0.000 0.001 
  79 Y H   0.996 0.000 0.000 0.000 0.000 0.002 0.000 0.001 
  80 H H   0.996 0.000 0.000 0.000 0.000 0.002 0.000 0.001 
  81 K H   0.994 0.001 0.000 0.000 0.000 0.004 0.000 0.001 
  82 H H   0.994 0.001 0.000 0.000 0.000 0.003 0.000 0.002 
  83 D H   0.994 0.001 0.000 0.000 0.000 0.003 0.001 0.002 
  84 L H   0.992 0.001 0.000 0.000 0.000 0.004 0.001 0.002 
  85 T H   0.990 0.002 0.000 0.000 0.000 0.006 0.000 0.002 
  86 L H   0.986 0.003 0.000 0.000 0.000 0.008 0.000 0.001 
  87 A H   0.950 0.011 0.000 0.000 0.000 0.031 0.003 0.004 
  88 K H   0.861 0.015 0.000 0.000 0.000 0.109 0.007 0.007 
  89 S H   0.735 0.015 0.000 0.001 0.001 0.216 0.015 0.016 
  90 M T   0.118 0.009 0.000 0.001 0.002 0.487 0.079 0.304 
  91 N T   0.024 0.008 0.000 0.001 0.003 0.577 0.067 0.320 
  92 D L   0.036 0.006 0.000 0.001 0.003 0.051 0.126 0.777 
  93 R H   0.734 0.019 0.000 0.001 0.001 0.096 0.050 0.100 
  94 L H   0.842 0.016 0.000 0.001 0.000 0.096 0.023 0.021 
  95 G H   0.890 0.016 0.000 0.000 0.000 0.047 0.010 0.036 
  96 E H   0.970 0.004 0.000 0.000 0.000 0.011 0.003 0.011 
  97 A H   0.984 0.002 0.000 0.001 0.000 0.006 0.001 0.005 
  98 K H   0.987 0.002 0.000 0.001 0.000 0.004 0.001 0.005 
  99 S H   0.990 0.001 0.000 0.000 0.000 0.003 0.001 0.005 
 100 S H   0.992 0.001 0.000 0.000 0.000 0.004 0.000 0.002 
 101 G H   0.991 0.001 0.000 0.000 0.000 0.006 0.000 0.002 
 102 N H   0.992 0.001 0.000 0.000 0.000 0.005 0.000 0.002 
 103 L H   0.996 0.000 0.000 0.000 0.000 0.002 0.000 0.001 
 104 G H   0.996 0.000 0.000 0.000 0.000 0.002 0.000 0.001 
 105 N H   0.997 0.000 0.000 0.000 0.000 0.002 0.000 0.001 
 106 T H   0.998 0.000 0.000 0.000 0.000 0.001 0.000 0.000 
 107 L H   0.994 0.001 0.000 0.000 0.000 0.004 0.000 0.001 
 108 K H   0.994 0.002 0.000 0.000 0.000 0.002 0.000 0.000 
 109 V H   0.969 0.003 0.000 0.000 0.000 0.026 0.001 0.001 
 110 M T   0.123 0.003 0.000 0.000 0.000 0.862 0.009 0.004 
 111 G T   0.005 0.001 0.000 0.000 0.000 0.974 0.009 0.010 
 112 R L   0.010 0.000 0.000 0.000 0.001 0.001 0.006 0.981 
 113 F H   0.975 0.003 0.000 0.000 0.000 0.012 0.004 0.006 
 114 D H   0.987 0.003 0.000 0.000 0.000 0.008 0.001 0.001 
 115 E H   0.994 0.002 0.000 0.000 0.000 0.002 0.000 0.001 
 116 A H   0.997 0.000 0.000 0.000 0.000 0.001 0.000 0.001 
 117 A H   0.997 0.000 0.000 0.000 0.000 0.002 0.000 0.001 
 118 I H   0.997 0.000 0.000 0.000 0.000 0.002 0.000 0.001 
 119 C H   0.996 0.000 0.000 0.000 0.000 0.002 0.000 0.002 
 120 C H   0.997 0.000 0.000 0.000 0.000 0.002 0.000 0.001 
 121 E H   0.995 0.001 0.000 0.000 0.000 0.004 0.000 0.001 
 122 R H   0.994 0.001 0.000 0.000 0.000 0.004 0.000 0.001 
 123 H H   0.995 0.001 0.000 0.000 0.000 0.002 0.000 0.001 
 124 L H   0.994 0.001 0.000 0.000 0.000 0.002 0.000 0.002 
 125 T H   0.992 0.001 0.000 0.000 0.000 0.004 0.000 0.001 
 126 L H   0.991 0.003 0.000 0.000 0.000 0.004 0.000 0.001 
 127 A H   0.976 0.009 0.000 0.000 0.000 0.012 0.001 0.002 
 128 R H   0.939 0.018 0.000 0.000 0.000 0.039 0.002 0.002 
 129 Q H   0.893 0.022 0.000 0.001 0.000 0.074 0.005 0.005 
 130 L H   0.515 0.018 0.000 0.000 0.001 0.398 0.030 0.038 
 131 G T   0.021 0.007 0.000 0.000 0.001 0.853 0.030 0.088 
 132 D L   0.022 0.007 0.000 0.001 0.002 0.041 0.052 0.876 
 133 R H   0.593 0.017 0.000 0.000 0.001 0.106 0.050 0.231 
 134 L H   0.824 0.018 0.000 0.001 0.001 0.086 0.035 0.035 
 135 S H   0.884 0.015 0.000 0.001 0.001 0.028 0.012 0.059 
 136 E H   0.982 0.003 0.000 0.000 0.000 0.007 0.002 0.005 
 137 G H   0.993 0.001 0.000 0.000 0.000 0.003 0.000 0.002 
 138 R H   0.996 0.001 0.000 0.000 0.000 0.002 0.000 0.001 
 139 A H   0.996 0.000 0.000 0.000 0.000 0.001 0.000 0.002 
 140 L H   0.996 0.000 0.000 0.000 0.000 0.002 0.000 0.001 
 141 Y H   0.996 0.000 0.000 0.000 0.000 0.003 0.000 0.001 
 142 N H   0.994 0.000 0.000 0.000 0.000 0.003 0.000 0.002 
 143 L H   0.996 0.000 0.000 0.000 0.000 0.002 0.000 0.001 
 144 G H   0.997 0.000 0.000 0.000 0.000 0.002 0.000 0.001 
 145 N H   0.997 0.000 0.000 0.000 0.000 0.002 0.000 0.001 
 146 V H   0.999 0.000 0.000 0.000 0.000 0.001 0.000 0.000 
 147 Y H   0.996 0.001 0.000 0.000 0.000 0.003 0.000 0.001 
 148 H H   0.993 0.003 0.000 0.000 0.000 0.003 0.000 0.001 
 149 A H   0.966 0.005 0.000 0.001 0.000 0.026 0.001 0.001 
 150 K T   0.264 0.005 0.000 0.000 0.000 0.717 0.007 0.006 
 151 G T   0.010 0.005 0.000 0.000 0.000 0.952 0.008 0.025 
 152 K L   0.016 0.013 0.000 0.002 0.004 0.037 0.056 0.872 
 153 H L   0.093 0.085 0.000 0.006 0.017 0.240 0.095 0.464 
 154 L T   0.120 0.105 0.000 0.005 0.011 0.457 0.080 0.223 
 155 G T   0.112 0.109 0.000 0.003 0.005 0.434 0.098 0.240 
 156 Q L   0.105 0.073 0.000 0.004 0.010 0.203 0.064 0.542 
 157 R L   0.054 0.035 0.000 0.003 0.011 0.089 0.195 0.612 
 158 N L   0.004 0.016 0.000 0.002 0.005 0.011 0.347 0.614 
 159 P T   0.014 0.220 0.000 0.001 0.002 0.458 0.066 0.239 
 160 G T   0.014 0.244 0.000 0.001 0.003 0.500 0.070 0.167 
 161 K L   0.037 0.265 0.000 0.001 0.005 0.131 0.233 0.326 
 162 F L   0.145 0.160 0.000 0.001 0.004 0.170 0.096 0.424 
 163 G H   0.404 0.095 0.000 0.003 0.007 0.165 0.062 0.264 
 164 D H   0.610 0.044 0.000 0.002 0.003 0.106 0.135 0.100 
 165 D H   0.690 0.021 0.000 0.001 0.003 0.068 0.032 0.183 
 166 V H   0.948 0.007 0.000 0.001 0.001 0.014 0.006 0.023 
 167 K H   0.982 0.003 0.000 0.000 0.000 0.008 0.002 0.004 
 168 E H   0.984 0.002 0.000 0.000 0.000 0.008 0.001 0.004 
 169 A H   0.989 0.001 0.000 0.000 0.000 0.005 0.001 0.004 
 170 L H   0.994 0.001 0.000 0.000 0.000 0.003 0.001 0.002 
 171 T H   0.995 0.001 0.000 0.000 0.000 0.002 0.000 0.001 
 172 R H   0.996 0.001 0.000 0.000 0.000 0.002 0.000 0.001 
 173 A H   0.996 0.000 0.000 0.000 0.000 0.002 0.000 0.001 
 174 V H   0.997 0.000 0.000 0.000 0.000 0.002 0.000 0.001 
 175 E H   0.997 0.000 0.000 0.000 0.000 0.002 0.000 0.001 
 176 F H   0.998 0.000 0.000 0.000 0.000 0.001 0.000 0.001 
 177 Y H   0.997 0.000 0.000 0.000 0.000 0.002 0.000 0.000 
 178 Q H   0.997 0.001 0.000 0.000 0.000 0.002 0.000 0.000 
 179 E H   0.995 0.001 0.000 0.000 0.000 0.003 0.000 0.001 
 180 N H   0.994 0.001 0.000 0.000 0.000 0.003 0.000 0.001 
 181 L H   0.991 0.002 0.000 0.000 0.000 0.004 0.000 0.002 
 182 K H   0.985 0.004 0.000 0.000 0.000 0.007 0.001 0.002 
 183 L H   0.976 0.008 0.000 0.000 0.000 0.013 0.001 0.002 
 184 M H   0.939 0.018 0.000 0.000 0.000 0.035 0.003 0.004 
 185 R H   0.842 0.030 0.000 0.000 0.000 0.118 0.005 0.005 
 186 D H   0.774 0.033 0.000 0.001 0.001 0.171 0.013 0.007 
 187 L H   0.436 0.024 0.000 0.001 0.002 0.391 0.055 0.091 
 188 G T   0.018 0.010 0.000 0.001 0.003 0.668 0.057 0.243 
 189 D L   0.011 0.003 0.000 0.001 0.003 0.019 0.058 0.904 
 190 R H   0.517 0.021 0.000 0.000 0.001 0.355 0.056 0.050 
 191 G H   0.611 0.016 0.000 0.001 0.001 0.308 0.035 0.029 
 192 A H   0.949 0.013 0.000 0.000 0.000 0.018 0.006 0.013 
 193 Q H   0.991 0.002 0.000 0.000 0.000 0.004 0.001 0.002 
 194 G H   0.995 0.001 0.000 0.000 0.000 0.002 0.000 0.001 
 195 R H   0.996 0.001 0.000 0.000 0.000 0.001 0.000 0.002 
 196 A H   0.995 0.000 0.000 0.000 0.000 0.002 0.000 0.002 
 197 C H   0.995 0.001 0.000 0.000 0.000 0.003 0.000 0.001 
 198 G H   0.993 0.001 0.000 0.000 0.000 0.005 0.000 0.001 
 199 N H   0.993 0.001 0.000 0.000 0.000 0.005 0.000 0.002 
 200 L H   0.996 0.000 0.000 0.000 0.000 0.002 0.000 0.001 
 201 G H   0.997 0.000 0.000 0.000 0.000 0.002 0.000 0.001 
 202 N H   0.997 0.000 0.000 0.000 0.000 0.002 0.000 0.001 
 203 T H   0.998 0.000 0.000 0.000 0.000 0.001 0.000 0.000 
 204 Y H   0.994 0.001 0.000 0.000 0.000 0.004 0.000 0.001 
 205 Y H   0.995 0.002 0.000 0.000 0.000 0.002 0.000 0.000 
 206 L H   0.968 0.003 0.000 0.000 0.000 0.027 0.001 0.001 
 207 L T   0.108 0.003 0.000 0.000 0.000 0.876 0.010 0.004 
 208 G T   0.005 0.001 0.000 0.000 0.000 0.973 0.010 0.010 
 209 D L   0.010 0.000 0.000 0.000 0.001 0.001 0.006 0.982 
 210 F H   0.978 0.003 0.000 0.000 0.000 0.010 0.003 0.005 
 211 Q H   0.989 0.002 0.000 0.000 0.000 0.006 0.001 0.001 
 212 A H   0.995 0.002 0.000 0.000 0.000 0.002 0.000 0.001 
 213 A H   0.997 0.000 0.000 0.000 0.000 0.001 0.000 0.001 
 214 I H   0.997 0.000 0.000 0.000 0.000 0.002 0.000 0.001 
 215 E H   0.997 0.000 0.000 0.000 0.000 0.002 0.000 0.001 
 216 H H   0.996 0.000 0.000 0.000 0.000 0.002 0.000 0.002 
 217 H H   0.996 0.000 0.000 0.000 0.000 0.002 0.000 0.001 
 218 Q H   0.994 0.001 0.000 0.000 0.000 0.004 0.000 0.001 
 219 E H   0.994 0.001 0.000 0.000 0.000 0.003 0.000 0.001 
 220 R H   0.995 0.001 0.000 0.000 0.000 0.002 0.000 0.002 
 221 L H   0.992 0.001 0.000 0.000 0.000 0.004 0.000 0.003 
 222 R H   0.990 0.002 0.000 0.000 0.000 0.005 0.000 0.002 
 223 I H   0.985 0.005 0.000 0.000 0.000 0.008 0.000 0.001 
 224 A H   0.972 0.011 0.000 0.000 0.000 0.013 0.002 0.002 
 225 R H   0.939 0.018 0.000 0.000 0.000 0.037 0.003 0.002 
 226 E H   0.902 0.020 0.000 0.001 0.000 0.066 0.006 0.005 
 227 F H   0.654 0.014 0.000 0.001 0.001 0.211 0.046 0.073 
 228 G T   0.019 0.004 0.000 0.001 0.002 0.555 0.076 0.343 
 229 D L   0.017 0.001 0.000 0.001 0.004 0.007 0.074 0.895 
 230 R H   0.875 0.006 0.000 0.000 0.000 0.035 0.025 0.059 
 231 A H   0.956 0.005 0.000 0.000 0.000 0.024 0.006 0.007 
 232 A H   0.985 0.005 0.000 0.000 0.000 0.007 0.001 0.002 
 233 E H   0.993 0.001 0.000 0.000 0.000 0.003 0.000 0.002 
 234 R H   0.996 0.001 0.000 0.000 0.000 0.002 0.000 0.001 
 235 R H   0.996 0.000 0.000 0.000 0.000 0.002 0.000 0.001 
 236 A H   0.996 0.000 0.000 0.000 0.000 0.002 0.000 0.002 
 237 N H   0.996 0.000 0.000 0.000 0.000 0.002 0.000 0.001 
 238 S H   0.994 0.000 0.000 0.000 0.000 0.004 0.000 0.001 
 239 N H   0.993 0.000 0.000 0.000 0.000 0.005 0.000 0.001 
 240 L H   0.995 0.000 0.000 0.000 0.000 0.003 0.000 0.001 
 241 G H   0.995 0.000 0.000 0.000 0.000 0.003 0.000 0.001 
 242 N H   0.996 0.000 0.000 0.000 0.000 0.002 0.000 0.001 
 243 S H   0.998 0.000 0.000 0.000 0.000 0.001 0.000 0.000 
 244 H H   0.993 0.001 0.000 0.000 0.000 0.004 0.000 0.001 
 245 I H   0.994 0.003 0.000 0.000 0.000 0.003 0.000 0.001 
 246 F H   0.966 0.004 0.000 0.000 0.000 0.028 0.001 0.001 
 247 L T   0.097 0.003 0.000 0.000 0.000 0.887 0.009 0.004 
 248 G T   0.005 0.001 0.000 0.000 0.000 0.974 0.009 0.010 
 249 Q L   0.011 0.000 0.000 0.000 0.001 0.001 0.008 0.978 
 250 F H   0.970 0.004 0.000 0.000 0.000 0.014 0.004 0.007 
 251 E H   0.985 0.004 0.000 0.000 0.000 0.009 0.001 0.001 
 252 D H   0.992 0.003 0.000 0.000 0.000 0.003 0.000 0.001 
 253 A H   0.997 0.001 0.000 0.000 0.000 0.001 0.000 0.001 
 254 A H   0.997 0.000 0.000 0.000 0.000 0.002 0.000 0.001 
 255 E H   0.997 0.000 0.000 0.000 0.000 0.002 0.000 0.001 
 256 H H   0.996 0.000 0.000 0.000 0.000 0.002 0.000 0.002 
 257 Y H   0.996 0.000 0.000 0.000 0.000 0.002 0.000 0.001 
 258 K H   0.995 0.001 0.000 0.000 0.000 0.004 0.000 0.001 
 259 R H   0.994 0.001 0.000 0.000 0.000 0.003 0.000 0.001 
 260 T H   0.995 0.001 0.000 0.000 0.000 0.002 0.000 0.001 
 261 L H   0.995 0.001 0.000 0.000 0.000 0.002 0.000 0.002 
 262 A H   0.994 0.001 0.000 0.000 0.000 0.004 0.000 0.001 
 263 L H   0.993 0.002 0.000 0.000 0.000 0.004 0.000 0.001 
 264 A H   0.987 0.005 0.000 0.000 0.000 0.007 0.001 0.001 
 265 V H   0.975 0.009 0.000 0.000 0.000 0.014 0.001 0.001 
 266 E H   0.955 0.011 0.000 0.000 0.000 0.028 0.002 0.003 
 267 L H   0.600 0.011 0.000 0.000 0.000 0.351 0.022 0.016 
 268 G T   0.019 0.004 0.000 0.000 0.000 0.880 0.022 0.075 
 269 E L   0.025 0.003 0.000 0.001 0.002 0.015 0.027 0.927 
 270 R H   0.696 0.011 0.000 0.000 0.001 0.074 0.044 0.173 
 271 E H   0.876 0.011 0.000 0.001 0.001 0.062 0.016 0.034 
 272 V H   0.959 0.009 0.000 0.000 0.000 0.018 0.004 0.010 
 273 E H   0.988 0.002 0.000 0.000 0.000 0.005 0.001 0.003 
 274 A H   0.994 0.001 0.000 0.000 0.000 0.003 0.000 0.001 
 275 Q H   0.995 0.001 0.000 0.000 0.000 0.002 0.000 0.002 
 276 S H   0.995 0.000 0.000 0.000 0.000 0.002 0.000 0.002 
 277 C H   0.995 0.000 0.000 0.000 0.000 0.002 0.000 0.002 
 278 Y H   0.994 0.000 0.000 0.000 0.000 0.004 0.000 0.001 
 279 S H   0.993 0.000 0.000 0.000 0.000 0.005 0.000 0.002 
 280 L H   0.995 0.000 0.000 0.000 0.000 0.002 0.000 0.002 
 281 G H   0.996 0.000 0.000 0.000 0.000 0.002 0.000 0.001 
 282 N H   0.997 0.000 0.000 0.000 0.000 0.002 0.000 0.001 
 283 T H   0.998 0.000 0.000 0.000 0.000 0.001 0.000 0.000 
 284 Y H   0.993 0.001 0.000 0.000 0.000 0.004 0.000 0.001 
 285 T H   0.993 0.003 0.000 0.000 0.000 0.003 0.000 0.001 
 286 L H   0.965 0.004 0.000 0.000 0.000 0.029 0.001 0.001 
 287 L T   0.084 0.003 0.000 0.000 0.000 0.901 0.009 0.004 
 288 H T   0.005 0.001 0.000 0.000 0.000 0.974 0.009 0.010 
 289 E L   0.011 0.000 0.000 0.000 0.001 0.001 0.006 0.980 
 290 F H   0.974 0.004 0.000 0.000 0.000 0.013 0.004 0.005 
 291 N H   0.986 0.003 0.000 0.000 0.000 0.008 0.001 0.001 
 292 T H   0.993 0.003 0.000 0.000 0.000 0.003 0.000 0.001 
 293 A H   0.997 0.000 0.000 0.000 0.000 0.001 0.000 0.001 
 294 I H   0.997 0.000 0.000 0.000 0.000 0.002 0.000 0.001 
 295 E H   0.997 0.000 0.000 0.000 0.000 0.002 0.000 0.001 
 296 Y H   0.996 0.000 0.000 0.000 0.000 0.002 0.000 0.002 
 297 H H   0.997 0.000 0.000 0.000 0.000 0.002 0.000 0.001 
 298 N H   0.994 0.001 0.000 0.000 0.000 0.004 0.000 0.001 
 299 R H   0.994 0.001 0.000 0.000 0.000 0.004 0.000 0.001 
 300 H H   0.996 0.000 0.000 0.000 0.000 0.002 0.000 0.001 
 301 L H   0.995 0.001 0.000 0.000 0.000 0.002 0.000 0.002 
 302 A H   0.994 0.001 0.000 0.000 0.000 0.003 0.000 0.001 
 303 I H   0.994 0.002 0.000 0.000 0.000 0.003 0.000 0.001 
 304 A H   0.987 0.004 0.000 0.000 0.000 0.006 0.001 0.001 
 305 Q H   0.974 0.009 0.000 0.000 0.000 0.015 0.001 0.001 
 306 E H   0.946 0.012 0.000 0.000 0.000 0.035 0.003 0.004 
 307 L H   0.616 0.011 0.000 0.000 0.001 0.327 0.023 0.021 
 308 G T   0.024 0.005 0.000 0.000 0.000 0.854 0.027 0.090 
 309 D L   0.028 0.005 0.000 0.001 0.003 0.032 0.095 0.835 
 310 R H   0.638 0.010 0.000 0.000 0.002 0.069 0.050 0.231 
 311 I H   0.873 0.011 0.000 0.000 0.001 0.080 0.018 0.017 
 312 G H   0.916 0.010 0.000 0.000 0.000 0.044 0.008 0.021 
 313 E H   0.980 0.003 0.000 0.000 0.000 0.008 0.002 0.005 
 314 A H   0.994 0.001 0.000 0.000 0.000 0.003 0.000 0.001 
 315 R H   0.996 0.001 0.000 0.000 0.000 0.002 0.000 0.001 
 316 A H   0.996 0.000 0.000 0.000 0.000 0.001 0.000 0.002 
 317 C H   0.996 0.000 0.000 0.000 0.000 0.002 0.000 0.001 
 318 W H   0.995 0.000 0.000 0.000 0.000 0.003 0.000 0.001 
 319 S H   0.994 0.000 0.000 0.000 0.000 0.004 0.000 0.001 
 320 L H   0.996 0.000 0.000 0.000 0.000 0.002 0.000 0.001 
 321 G H   0.997 0.000 0.000 0.000 0.000 0.002 0.000 0.001 
 322 N H   0.997 0.000 0.000 0.000 0.000 0.002 0.000 0.001 
 323 A H   0.998 0.000 0.000 0.000 0.000 0.001 0.000 0.000 
 324 H H   0.993 0.001 0.000 0.000 0.000 0.004 0.000 0.001 
 325 S H   0.993 0.003 0.000 0.000 0.000 0.003 0.000 0.001 
 326 A H   0.959 0.004 0.000 0.000 0.000 0.035 0.001 0.001 
 327 I T   0.104 0.003 0.000 0.000 0.000 0.880 0.009 0.004 
 328 G T   0.005 0.002 0.000 0.000 0.000 0.973 0.010 0.010 
 329 G L   0.011 0.000 0.000 0.000 0.001 0.001 0.007 0.979 
 330 H H   0.973 0.003 0.000 0.000 0.000 0.013 0.004 0.006 
 331 E H   0.987 0.003 0.000 0.000 0.000 0.008 0.001 0.002 
 332 R H   0.994 0.002 0.000 0.000 0.000 0.002 0.000 0.001 
 333 A H   0.997 0.000 0.000 0.000 0.000 0.001 0.000 0.001 
 334 L H   0.997 0.000 0.000 0.000 0.000 0.002 0.000 0.001 
 335 K H   0.997 0.000 0.000 0.000 0.000 0.002 0.000 0.001 
 336 Y H   0.996 0.000 0.000 0.000 0.000 0.002 0.000 0.001 
 337 A H   0.997 0.000 0.000 0.000 0.000 0.002 0.000 0.001 
 338 E H   0.996 0.000 0.000 0.000 0.000 0.003 0.000 0.001 
 339 Q H   0.996 0.000 0.000 0.000 0.000 0.002 0.000 0.001 
 340 H H   0.997 0.000 0.000 0.000 0.000 0.001 0.000 0.001 
 341 L H   0.995 0.001 0.000 0.000 0.000 0.003 0.000 0.002 
 342 Q H   0.992 0.001 0.000 0.000 0.000 0.004 0.000 0.002 
 343 L H   0.990 0.003 0.000 0.000 0.000 0.006 0.000 0.001 
 344 A H   0.965 0.009 0.000 0.000 0.000 0.019 0.003 0.002 
 345 K H   0.900 0.017 0.000 0.000 0.000 0.071 0.006 0.006 
 346 E H   0.803 0.021 0.000 0.001 0.001 0.146 0.013 0.015 
 347 L H   0.406 0.012 0.000 0.001 0.003 0.376 0.044 0.157 
 348 H T   0.039 0.007 0.000 0.001 0.004 0.563 0.088 0.297 
 349 D L   0.013 0.003 0.000 0.002 0.005 0.017 0.333 0.628 
 350 P H   0.510 0.031 0.000 0.001 0.001 0.339 0.064 0.052 
 351 V H   0.552 0.028 0.000 0.002 0.003 0.297 0.075 0.043 
 352 G H   0.603 0.028 0.000 0.001 0.003 0.031 0.052 0.283 
 353 E H   0.922 0.010 0.000 0.001 0.001 0.019 0.015 0.032 
 354 S H   0.957 0.007 0.000 0.001 0.001 0.014 0.004 0.016 
 355 T H   0.974 0.005 0.000 0.000 0.000 0.006 0.002 0.013 
 356 A H   0.991 0.002 0.000 0.000 0.000 0.002 0.000 0.004 
 357 R H   0.992 0.001 0.000 0.000 0.000 0.003 0.001 0.003 
 358 V H   0.990 0.001 0.000 0.000 0.000 0.005 0.001 0.003 
 359 N H   0.987 0.001 0.000 0.000 0.000 0.005 0.000 0.006 
 360 I H   0.994 0.001 0.000 0.000 0.000 0.002 0.000 0.003 
 361 S H   0.995 0.000 0.000 0.000 0.000 0.002 0.000 0.002 
 362 D H   0.994 0.000 0.000 0.000 0.000 0.003 0.000 0.002 
 363 L H   0.997 0.000 0.000 0.000 0.000 0.001 0.000 0.001 
 364 R H   0.996 0.001 0.000 0.000 0.000 0.002 0.000 0.001 
 365 K H   0.992 0.002 0.000 0.000 0.000 0.004 0.000 0.001 
 366 L H   0.979 0.004 0.000 0.000 0.000 0.013 0.001 0.003 
 367 L H   0.605 0.004 0.000 0.000 0.000 0.370 0.009 0.012 
 368 G T   0.012 0.002 0.000 0.000 0.000 0.922 0.016 0.049 
 369 M L   0.001 0.003 0.000 0.001 0.003 0.007 0.197 0.789 
 370 P L   0.002 0.006 0.000 0.000 0.000 0.007 0.016 0.968 
 371 D L   0.002 0.010 0.000 0.001 0.001 0.103 0.079 0.804 
 372 S L   0.005 0.010 0.000 0.003 0.005 0.100 0.118 0.759 
 373 E L   0.005 0.007 0.000 0.006 0.009 0.015 0.090 0.868 
 374 P L   0.003 0.003 0.000 0.003 0.003 0.005 0.012 0.971 
 375 S L   0.002 0.002 0.000 0.002 0.001 0.002 0.005 0.987 
 376 P L   0.005 0.001 0.000 0.000 0.000 0.004 0.010 0.980 
 377 T L   0.323 0.002 0.000 0.001 0.001 0.019 0.014 0.641 
 378 E H   0.944 0.004 0.000 0.000 0.000 0.007 0.003 0.040 
 379 E H   0.959 0.004 0.000 0.001 0.000 0.010 0.002 0.024 
 380 E H   0.893 0.004 0.000 0.003 0.001 0.025 0.011 0.063 
 381 A L   0.069 0.001 0.000 0.002 0.002 0.029 0.001 0.896 
 382 R L   0.000 0.000 0.000 0.000 0.000 0.000 0.000 0.999 
