#DeepConCNF_SS8: eight-class secondary structure prediction results 
#probabilities are in the order of H G I E B T S L(loops), the 8 secondary structure types used in DSSP 
   1 E L   0.000 0.000 0.000 0.000 0.000 0.000 0.000 0.999 
   2 N L   0.001 0.001 0.000 0.002 0.002 0.003 0.000 0.990 
   3 M L   0.002 0.005 0.000 0.004 0.003 0.018 0.027 0.941 
   4 A L   0.002 0.008 0.000 0.005 0.003 0.020 0.031 0.931 
   5 V L   0.002 0.007 0.000 0.008 0.005 0.024 0.039 0.915 
   6 Q L   0.002 0.005 0.000 0.012 0.014 0.014 0.078 0.875 
   7 S L   0.001 0.006 0.000 0.008 0.007 0.013 0.085 0.880 
   8 P L   0.006 0.027 0.000 0.014 0.013 0.051 0.077 0.812 
   9 K L   0.009 0.052 0.000 0.026 0.011 0.104 0.179 0.618 
  10 K L   0.005 0.049 0.000 0.074 0.003 0.141 0.295 0.432 
  11 H E   0.004 0.028 0.000 0.490 0.007 0.079 0.153 0.238 
  12 V E   0.001 0.002 0.000 0.851 0.004 0.004 0.029 0.109 
  13 F E   0.000 0.001 0.000 0.946 0.002 0.001 0.007 0.043 
  14 D E   0.000 0.000 0.000 0.952 0.002 0.001 0.005 0.040 
  15 A E   0.000 0.000 0.000 0.913 0.001 0.001 0.007 0.078 
  16 V E   0.000 0.000 0.000 0.912 0.002 0.001 0.007 0.078 
  17 I E   0.000 0.000 0.000 0.939 0.001 0.001 0.003 0.056 
  18 K E   0.001 0.000 0.000 0.954 0.002 0.000 0.001 0.042 
  19 A E   0.001 0.001 0.000 0.933 0.003 0.001 0.003 0.059 
  20 Y E   0.001 0.001 0.000 0.830 0.013 0.001 0.008 0.147 
  21 K E   0.001 0.002 0.000 0.481 0.021 0.011 0.036 0.448 
  22 D T   0.003 0.005 0.000 0.042 0.005 0.702 0.142 0.100 
  23 N T   0.001 0.007 0.000 0.010 0.003 0.695 0.104 0.179 
  24 S L   0.005 0.012 0.000 0.010 0.018 0.096 0.340 0.520 
  25 D S   0.002 0.007 0.000 0.005 0.005 0.054 0.492 0.435 
  26 E S   0.002 0.019 0.000 0.010 0.007 0.035 0.538 0.389 
  27 E L   0.024 0.095 0.000 0.047 0.063 0.046 0.116 0.610 
  28 S L   0.040 0.256 0.000 0.059 0.041 0.028 0.038 0.538 
  29 Y G   0.103 0.644 0.000 0.051 0.010 0.072 0.071 0.050 
  30 A G   0.109 0.688 0.000 0.042 0.008 0.058 0.030 0.064 
  31 T G   0.111 0.698 0.000 0.027 0.005 0.036 0.051 0.072 
  32 V G   0.101 0.612 0.000 0.034 0.007 0.094 0.056 0.095 
  33 Y G   0.062 0.442 0.000 0.096 0.028 0.142 0.064 0.166 
  34 I L   0.036 0.065 0.000 0.192 0.183 0.079 0.184 0.261 
  35 K L   0.006 0.003 0.000 0.147 0.076 0.043 0.162 0.563 
  36 D L   0.000 0.001 0.000 0.061 0.005 0.013 0.271 0.649 
  37 P L   0.000 0.003 0.000 0.118 0.003 0.010 0.141 0.726 
  38 K E   0.001 0.002 0.000 0.942 0.006 0.005 0.017 0.027 
  39 L E   0.000 0.000 0.000 0.982 0.000 0.000 0.002 0.016 
  40 T E   0.000 0.000 0.000 0.996 0.000 0.000 0.001 0.003 
  41 I E   0.000 0.000 0.000 0.996 0.000 0.000 0.000 0.003 
  42 E E   0.000 0.001 0.000 0.965 0.003 0.002 0.007 0.021 
  43 N T   0.001 0.005 0.000 0.005 0.000 0.952 0.029 0.008 
  44 G T   0.000 0.004 0.000 0.004 0.000 0.951 0.032 0.009 
  45 K E   0.001 0.001 0.000 0.938 0.007 0.008 0.017 0.028 
  46 R E   0.000 0.000 0.000 0.989 0.000 0.000 0.001 0.009 
  47 I E   0.000 0.000 0.000 0.997 0.000 0.000 0.000 0.002 
  48 I E   0.000 0.000 0.000 0.998 0.000 0.000 0.000 0.002 
  49 T E   0.000 0.000 0.000 0.996 0.000 0.000 0.001 0.003 
  50 A E   0.000 0.000 0.000 0.994 0.000 0.000 0.001 0.004 
  51 T E   0.000 0.000 0.000 0.990 0.001 0.001 0.001 0.007 
  52 L E   0.002 0.001 0.000 0.849 0.004 0.008 0.011 0.126 
  53 K S   0.004 0.015 0.000 0.237 0.003 0.153 0.387 0.201 
  54 D S   0.009 0.051 0.000 0.095 0.007 0.170 0.367 0.301 
  55 S L   0.022 0.136 0.000 0.022 0.007 0.263 0.273 0.278 
  56 D S   0.010 0.122 0.000 0.007 0.001 0.342 0.401 0.115 
  57 F S   0.009 0.099 0.000 0.130 0.007 0.177 0.301 0.276 
  58 F E   0.011 0.055 0.000 0.569 0.019 0.025 0.041 0.281 
  59 D E   0.009 0.043 0.000 0.700 0.004 0.026 0.065 0.152 
  60 Y E   0.004 0.023 0.000 0.839 0.003 0.034 0.020 0.077 
  61 L E   0.002 0.002 0.000 0.954 0.002 0.002 0.009 0.029 
  62 K E   0.001 0.000 0.000 0.979 0.001 0.000 0.002 0.016 
  63 V E   0.002 0.001 0.000 0.947 0.003 0.004 0.005 0.039 
  64 E E   0.002 0.004 0.000 0.775 0.006 0.011 0.059 0.142 
  65 D E   0.003 0.008 0.000 0.532 0.026 0.031 0.133 0.267 
  66 S T   0.003 0.009 0.000 0.048 0.005 0.411 0.395 0.130 
  67 K S   0.001 0.009 0.000 0.030 0.006 0.384 0.510 0.061 
  68 E S   0.002 0.010 0.000 0.062 0.054 0.054 0.689 0.129 
  69 P T   0.002 0.006 0.000 0.012 0.006 0.888 0.057 0.029 
  70 G T   0.001 0.006 0.000 0.023 0.002 0.869 0.036 0.063 
  71 V E   0.002 0.003 0.000 0.486 0.041 0.007 0.055 0.406 
  72 F E   0.002 0.002 0.000 0.764 0.046 0.008 0.021 0.157 
  73 H E   0.000 0.002 0.000 0.728 0.020 0.007 0.019 0.224 
  74 D E   0.000 0.002 0.000 0.551 0.010 0.001 0.014 0.422 
  75 V E   0.000 0.001 0.000 0.532 0.003 0.002 0.010 0.454 
  76 K E   0.000 0.001 0.000 0.931 0.006 0.002 0.011 0.049 
  77 V E   0.000 0.000 0.000 0.984 0.001 0.001 0.002 0.012 
  78 L E   0.000 0.000 0.000 0.978 0.000 0.001 0.002 0.019 
  79 S E   0.000 0.000 0.000 0.976 0.001 0.000 0.001 0.021 
  80 E E   0.000 0.000 0.000 0.956 0.002 0.000 0.005 0.036 
  81 D E   0.001 0.004 0.000 0.808 0.009 0.002 0.012 0.165 
  82 K T   0.013 0.249 0.001 0.195 0.006 0.440 0.044 0.053 
  83 R T   0.007 0.299 0.000 0.063 0.005 0.499 0.065 0.063 
  84 K T   0.006 0.288 0.000 0.020 0.004 0.575 0.079 0.027 
  85 H T   0.002 0.067 0.000 0.021 0.001 0.817 0.053 0.039 
  86 G S   0.001 0.015 0.000 0.347 0.010 0.098 0.384 0.144 
  87 T E   0.000 0.000 0.000 0.692 0.012 0.001 0.020 0.274 
  88 K E   0.000 0.000 0.000 0.981 0.002 0.001 0.002 0.014 
  89 V E   0.000 0.000 0.000 0.994 0.000 0.000 0.001 0.005 
  90 I E   0.000 0.000 0.000 0.996 0.000 0.000 0.001 0.003 
  91 Q E   0.000 0.000 0.000 0.993 0.000 0.000 0.001 0.005 
  92 F E   0.000 0.000 0.000 0.993 0.000 0.000 0.000 0.006 
  93 E E   0.000 0.001 0.000 0.980 0.001 0.001 0.002 0.015 
  94 V E   0.003 0.014 0.000 0.793 0.005 0.007 0.008 0.170 
  95 G G   0.013 0.299 0.000 0.054 0.001 0.188 0.161 0.283 
  96 E G   0.013 0.343 0.000 0.024 0.012 0.211 0.085 0.311 
  97 L T   0.013 0.231 0.000 0.008 0.004 0.690 0.044 0.010 
  98 G T   0.003 0.046 0.000 0.005 0.001 0.830 0.046 0.069 
  99 K L   0.001 0.004 0.000 0.062 0.004 0.008 0.414 0.508 
 100 R L   0.001 0.001 0.000 0.443 0.010 0.002 0.015 0.528 
 101 Y E   0.001 0.001 0.000 0.960 0.003 0.001 0.008 0.027 
 102 N E   0.000 0.000 0.000 0.984 0.000 0.000 0.002 0.013 
 103 M E   0.000 0.000 0.000 0.987 0.000 0.000 0.001 0.011 
 104 Q E   0.000 0.000 0.000 0.987 0.000 0.000 0.001 0.011 
 105 M E   0.000 0.000 0.000 0.987 0.000 0.001 0.001 0.011 
 106 H E   0.000 0.000 0.000 0.990 0.000 0.000 0.001 0.008 
 107 I E   0.000 0.000 0.000 0.982 0.000 0.000 0.001 0.016 
 108 L E   0.000 0.000 0.000 0.938 0.001 0.000 0.001 0.060 
 109 I E   0.002 0.007 0.000 0.685 0.005 0.003 0.010 0.288 
 110 P G   0.015 0.339 0.000 0.082 0.002 0.205 0.066 0.290 
 111 T G   0.016 0.399 0.000 0.035 0.006 0.203 0.118 0.223 
 112 L T   0.015 0.351 0.000 0.029 0.004 0.354 0.122 0.125 
 113 G T   0.003 0.043 0.000 0.056 0.004 0.553 0.159 0.182 
 114 Y L   0.003 0.004 0.000 0.280 0.073 0.038 0.145 0.457 
 115 D L   0.001 0.001 0.000 0.308 0.009 0.016 0.246 0.417 
 116 K E   0.001 0.003 0.000 0.400 0.006 0.024 0.245 0.321 
 117 E E   0.002 0.004 0.000 0.678 0.012 0.003 0.012 0.289 
 118 F E   0.001 0.003 0.000 0.792 0.004 0.002 0.005 0.193 
 119 K E   0.001 0.002 0.000 0.839 0.003 0.002 0.010 0.142 
 120 I E   0.000 0.001 0.000 0.861 0.002 0.001 0.005 0.129 
 121 Q E   0.001 0.001 0.000 0.882 0.001 0.001 0.005 0.109 
 122 F E   0.001 0.001 0.000 0.890 0.001 0.002 0.005 0.099 
 123 E E   0.001 0.001 0.000 0.899 0.002 0.001 0.005 0.090 
 124 V E   0.002 0.003 0.000 0.858 0.005 0.002 0.013 0.118 
 125 N E   0.003 0.015 0.000 0.592 0.008 0.008 0.033 0.341 
 126 M L   0.018 0.157 0.000 0.131 0.004 0.046 0.051 0.592 
 127 R L   0.019 0.194 0.000 0.013 0.002 0.048 0.046 0.679 
 128 T L   0.022 0.187 0.000 0.009 0.007 0.086 0.058 0.631 
 129 F L   0.009 0.056 0.000 0.007 0.011 0.072 0.002 0.843 
 130 V L   0.000 0.002 0.000 0.000 0.000 0.000 0.001 0.996 
