#DeepConCNF_SS8: eight-class secondary structure prediction results 
#probabilities are in the order of H G I E B T S L(loops), the 8 secondary structure types used in DSSP 
   1 M L   0.000 0.000 0.000 0.000 0.000 0.000 0.000 0.998 
   2 I L   0.042 0.003 0.000 0.011 0.014 0.008 0.001 0.920 
   3 T L   0.145 0.005 0.000 0.020 0.013 0.018 0.022 0.777 
   4 L H   0.753 0.014 0.000 0.018 0.003 0.049 0.020 0.142 
   5 R H   0.775 0.010 0.000 0.016 0.002 0.040 0.027 0.129 
   6 K H   0.787 0.011 0.000 0.023 0.007 0.032 0.036 0.104 
   7 L H   0.781 0.012 0.000 0.025 0.011 0.038 0.026 0.106 
   8 I H   0.653 0.084 0.000 0.012 0.004 0.099 0.023 0.125 
   9 G T   0.311 0.127 0.000 0.003 0.001 0.341 0.037 0.180 
  10 N T   0.168 0.128 0.000 0.004 0.004 0.331 0.053 0.311 
  11 I L   0.034 0.030 0.000 0.011 0.017 0.042 0.205 0.662 
  12 N L   0.007 0.006 0.000 0.006 0.007 0.007 0.035 0.930 
  13 M L   0.005 0.005 0.000 0.005 0.008 0.030 0.042 0.905 
  14 T L   0.004 0.007 0.000 0.003 0.007 0.068 0.151 0.759 
  15 K L   0.002 0.003 0.000 0.005 0.009 0.013 0.257 0.712 
  16 E L   0.002 0.005 0.000 0.003 0.006 0.005 0.070 0.909 
  17 P L   0.004 0.034 0.000 0.002 0.004 0.016 0.018 0.922 
  18 E L   0.010 0.172 0.000 0.003 0.008 0.062 0.332 0.412 
  19 Q L   0.009 0.183 0.000 0.005 0.009 0.077 0.291 0.427 
  20 Q L   0.014 0.164 0.000 0.003 0.008 0.064 0.200 0.546 
  21 S L   0.023 0.014 0.000 0.001 0.004 0.018 0.304 0.636 
  22 P H   0.647 0.007 0.000 0.002 0.004 0.055 0.078 0.206 
  23 L H   0.978 0.002 0.000 0.000 0.000 0.011 0.002 0.006 
  24 E H   0.993 0.002 0.000 0.000 0.000 0.003 0.000 0.001 
  25 L H   0.996 0.001 0.000 0.000 0.000 0.001 0.000 0.001 
  26 W H   0.997 0.000 0.000 0.000 0.000 0.002 0.000 0.001 
  27 F H   0.998 0.000 0.000 0.000 0.000 0.001 0.000 0.001 
  28 E H   0.999 0.000 0.000 0.000 0.000 0.001 0.000 0.000 
  29 R H   0.997 0.000 0.000 0.000 0.000 0.002 0.000 0.000 
  30 I H   0.989 0.003 0.000 0.001 0.000 0.006 0.000 0.000 
  31 I H   0.825 0.004 0.000 0.000 0.000 0.166 0.003 0.002 
  32 D T   0.128 0.006 0.000 0.000 0.000 0.815 0.036 0.015 
  33 V S   0.001 0.000 0.000 0.001 0.003 0.002 0.933 0.059 
  34 P L   0.000 0.002 0.000 0.003 0.010 0.001 0.004 0.980 
  35 L G   0.015 0.816 0.000 0.000 0.002 0.131 0.026 0.010 
  36 E G   0.009 0.810 0.000 0.000 0.000 0.168 0.010 0.002 
  37 K G   0.008 0.814 0.000 0.000 0.000 0.154 0.013 0.010 
  38 L L   0.002 0.014 0.000 0.004 0.015 0.004 0.124 0.837 
  39 T L   0.005 0.001 0.000 0.001 0.009 0.001 0.007 0.977 
  40 V H   0.984 0.003 0.000 0.000 0.000 0.008 0.002 0.002 
  41 E H   0.990 0.003 0.000 0.000 0.000 0.006 0.000 0.000 
  42 D H   0.994 0.003 0.000 0.000 0.000 0.002 0.000 0.001 
  43 L H   0.997 0.001 0.000 0.000 0.000 0.001 0.000 0.000 
  44 C H   0.994 0.001 0.000 0.000 0.000 0.002 0.001 0.002 
  45 R H   0.995 0.002 0.000 0.000 0.000 0.002 0.000 0.000 
  46 A H   0.983 0.004 0.000 0.001 0.000 0.011 0.001 0.000 
  47 I H   0.958 0.006 0.000 0.001 0.001 0.029 0.002 0.002 
  48 R H   0.818 0.012 0.000 0.001 0.001 0.154 0.005 0.009 
  49 Q T   0.179 0.015 0.000 0.000 0.001 0.771 0.017 0.017 
  50 N T   0.106 0.018 0.000 0.002 0.003 0.775 0.027 0.068 
  51 L L   0.118 0.014 0.000 0.012 0.039 0.242 0.135 0.440 
  52 C L   0.141 0.018 0.001 0.008 0.035 0.178 0.049 0.569 
  53 I H   0.824 0.066 0.000 0.002 0.002 0.039 0.018 0.049 
  54 D H   0.831 0.076 0.000 0.001 0.000 0.077 0.010 0.004 
  55 Q H   0.684 0.071 0.000 0.000 0.000 0.225 0.006 0.013 
  56 L H   0.959 0.008 0.000 0.000 0.001 0.023 0.002 0.006 
  57 M H   0.994 0.001 0.000 0.000 0.000 0.002 0.001 0.001 
  58 P H   0.993 0.001 0.000 0.000 0.000 0.004 0.000 0.001 
  59 R H   0.993 0.001 0.000 0.000 0.000 0.003 0.000 0.002 
  60 V H   0.994 0.001 0.000 0.000 0.000 0.002 0.000 0.002 
  61 L H   0.995 0.001 0.000 0.000 0.000 0.002 0.000 0.001 
  62 E H   0.987 0.002 0.000 0.001 0.000 0.009 0.000 0.001 
  63 V H   0.982 0.003 0.000 0.001 0.000 0.011 0.002 0.001 
  64 L H   0.954 0.006 0.001 0.002 0.001 0.027 0.005 0.005 
  65 T H   0.877 0.005 0.000 0.001 0.001 0.102 0.008 0.006 
  66 K H   0.781 0.005 0.000 0.002 0.003 0.154 0.044 0.011 
  67 E L   0.012 0.005 0.000 0.003 0.012 0.018 0.364 0.587 
  68 P T   0.017 0.158 0.000 0.002 0.006 0.669 0.052 0.097 
  69 L T   0.013 0.150 0.000 0.003 0.006 0.702 0.076 0.050 
  70 A T   0.015 0.149 0.000 0.008 0.009 0.664 0.088 0.067 
  71 G T   0.019 0.051 0.000 0.024 0.019 0.422 0.283 0.181 
  72 E S   0.025 0.043 0.000 0.072 0.059 0.135 0.441 0.224 
  73 Y S   0.036 0.044 0.000 0.098 0.100 0.103 0.367 0.252 
  74 Y L   0.042 0.033 0.000 0.055 0.021 0.057 0.050 0.742 
  75 D L   0.252 0.032 0.000 0.007 0.008 0.330 0.032 0.339 
  76 G H   0.542 0.018 0.001 0.002 0.004 0.316 0.065 0.051 
  77 E H   0.944 0.010 0.000 0.001 0.001 0.017 0.005 0.021 
  78 L H   0.988 0.004 0.000 0.000 0.000 0.003 0.001 0.003 
  79 I H   0.990 0.003 0.000 0.000 0.000 0.003 0.001 0.002 
  80 A H   0.992 0.003 0.000 0.000 0.000 0.002 0.000 0.002 
  81 A H   0.989 0.003 0.000 0.000 0.000 0.007 0.000 0.000 
  82 L H   0.971 0.007 0.000 0.001 0.000 0.019 0.001 0.001 
  83 S H   0.712 0.007 0.000 0.000 0.000 0.264 0.013 0.003 
  84 T T   0.077 0.006 0.000 0.000 0.001 0.849 0.047 0.020 
  85 I S   0.002 0.000 0.000 0.003 0.011 0.003 0.533 0.447 
  86 K L   0.004 0.001 0.000 0.001 0.003 0.001 0.016 0.973 
  87 G H   0.621 0.205 0.000 0.000 0.001 0.139 0.023 0.012 
  88 E H   0.656 0.214 0.000 0.001 0.000 0.109 0.012 0.007 
  89 D H   0.698 0.234 0.000 0.001 0.001 0.039 0.012 0.015 
  90 L H   0.720 0.204 0.000 0.001 0.001 0.061 0.006 0.007 
  91 K H   0.616 0.178 0.000 0.000 0.000 0.198 0.005 0.002 
  92 D H   0.483 0.156 0.000 0.000 0.000 0.337 0.016 0.007 
  93 Q L   0.145 0.016 0.000 0.000 0.002 0.030 0.060 0.745 
  94 K H   0.941 0.009 0.000 0.000 0.000 0.026 0.012 0.011 
  95 S H   0.955 0.007 0.000 0.000 0.000 0.024 0.003 0.010 
  96 T H   0.980 0.008 0.000 0.000 0.000 0.008 0.001 0.004 
  97 F H   0.994 0.001 0.000 0.000 0.000 0.002 0.000 0.002 
  98 T H   0.996 0.001 0.000 0.000 0.000 0.002 0.000 0.001 
  99 Q H   0.996 0.000 0.000 0.000 0.000 0.002 0.000 0.001 
 100 I H   0.996 0.000 0.000 0.000 0.000 0.002 0.000 0.001 
 101 R H   0.997 0.000 0.000 0.000 0.000 0.002 0.000 0.001 
 102 Q H   0.996 0.001 0.000 0.000 0.000 0.002 0.000 0.001 
 103 L H   0.993 0.002 0.000 0.000 0.000 0.004 0.000 0.001 
 104 I H   0.986 0.004 0.000 0.001 0.000 0.006 0.001 0.003 
 105 N H   0.843 0.005 0.000 0.000 0.000 0.143 0.004 0.004 
 106 Q H   0.574 0.006 0.000 0.000 0.000 0.394 0.012 0.013 
 107 L L   0.326 0.009 0.000 0.011 0.026 0.044 0.235 0.349 
 108 E L   0.080 0.040 0.000 0.002 0.002 0.042 0.046 0.788 
 109 P L   0.056 0.245 0.000 0.000 0.001 0.194 0.078 0.426 
 110 S L   0.058 0.263 0.000 0.002 0.005 0.191 0.144 0.337 
 111 D L   0.062 0.226 0.000 0.001 0.002 0.085 0.153 0.470 
 112 I L   0.115 0.100 0.000 0.003 0.008 0.081 0.150 0.544 
 113 N L   0.141 0.048 0.000 0.002 0.005 0.027 0.039 0.738 
 114 D H   0.767 0.052 0.000 0.000 0.000 0.116 0.036 0.028 
 115 D H   0.810 0.037 0.000 0.001 0.000 0.109 0.014 0.029 
 116 L H   0.919 0.031 0.000 0.000 0.000 0.023 0.007 0.018 
 117 R H   0.977 0.004 0.000 0.001 0.000 0.005 0.002 0.011 
 118 K H   0.985 0.002 0.000 0.001 0.000 0.002 0.001 0.008 
 119 D H   0.988 0.001 0.000 0.001 0.000 0.002 0.000 0.008 
 120 I H   0.992 0.001 0.000 0.000 0.000 0.002 0.000 0.005 
 121 L H   0.993 0.001 0.000 0.000 0.000 0.002 0.000 0.004 
 122 K H   0.989 0.001 0.000 0.000 0.000 0.004 0.000 0.005 
 123 I H   0.987 0.001 0.000 0.000 0.000 0.004 0.001 0.007 
 124 N H   0.973 0.002 0.000 0.001 0.000 0.010 0.002 0.011 
 125 Q H   0.945 0.003 0.000 0.002 0.000 0.025 0.004 0.021 
 126 I H   0.916 0.004 0.000 0.004 0.001 0.025 0.007 0.043 
 127 I H   0.848 0.005 0.000 0.008 0.002 0.035 0.014 0.089 
 128 V H   0.747 0.010 0.000 0.010 0.002 0.059 0.017 0.155 
 129 T H   0.619 0.018 0.000 0.009 0.002 0.091 0.027 0.234 
 130 S H   0.486 0.021 0.000 0.004 0.001 0.105 0.028 0.353 
 131 L L   0.423 0.021 0.000 0.003 0.002 0.060 0.053 0.440 
 132 E L   0.371 0.017 0.000 0.003 0.001 0.021 0.013 0.574 
 133 H L   0.338 0.016 0.000 0.004 0.002 0.011 0.008 0.621 
 134 H L   0.180 0.014 0.000 0.002 0.001 0.022 0.010 0.771 
 135 H L   0.029 0.012 0.000 0.001 0.000 0.017 0.012 0.929 
 136 H L   0.006 0.007 0.000 0.001 0.001 0.010 0.014 0.961 
 137 H L   0.002 0.002 0.000 0.001 0.001 0.005 0.000 0.988 
 138 H L   0.000 0.000 0.000 0.000 0.000 0.000 0.000 0.999 
