#DeepConCNF_SS8: eight-class secondary structure prediction results 
#probabilities are in the order of H G I E B T S L(loops), the 8 secondary structure types used in DSSP 
   1 E L   0.000 0.000 0.000 0.000 0.000 0.000 0.001 0.998 
   2 S L   0.041 0.002 0.000 0.000 0.001 0.011 0.001 0.944 
   3 F H   0.863 0.012 0.000 0.002 0.001 0.027 0.009 0.085 
   4 A H   0.893 0.014 0.000 0.002 0.000 0.018 0.012 0.061 
   5 D H   0.891 0.013 0.000 0.002 0.000 0.018 0.008 0.067 
   6 M H   0.876 0.007 0.000 0.003 0.001 0.032 0.013 0.068 
   7 M H   0.574 0.006 0.000 0.005 0.002 0.044 0.019 0.351 
   8 K L   0.413 0.012 0.000 0.008 0.004 0.028 0.020 0.515 
   9 H L   0.133 0.015 0.000 0.003 0.002 0.084 0.054 0.710 
  10 G L   0.062 0.009 0.000 0.003 0.003 0.069 0.032 0.823 
  11 L L   0.055 0.004 0.000 0.002 0.002 0.019 0.020 0.897 
  12 T L   0.053 0.014 0.000 0.011 0.003 0.015 0.034 0.870 
  13 E G   0.151 0.388 0.000 0.048 0.002 0.051 0.046 0.314 
  14 A G   0.136 0.403 0.000 0.083 0.002 0.070 0.049 0.257 
  15 D G   0.099 0.371 0.000 0.171 0.003 0.057 0.047 0.252 
  16 V E   0.047 0.043 0.000 0.521 0.013 0.020 0.048 0.309 
  17 G E   0.007 0.002 0.000 0.717 0.005 0.006 0.068 0.194 
  18 I E   0.005 0.001 0.000 0.824 0.002 0.003 0.012 0.153 
  19 T E   0.006 0.002 0.000 0.910 0.002 0.003 0.014 0.063 
  20 K E   0.004 0.002 0.000 0.950 0.003 0.002 0.004 0.036 
  21 F E   0.004 0.002 0.000 0.905 0.005 0.006 0.005 0.072 
  22 V E   0.002 0.002 0.000 0.584 0.005 0.023 0.209 0.174 
  23 S E   0.004 0.005 0.000 0.331 0.018 0.044 0.298 0.300 
  24 S S   0.004 0.010 0.000 0.088 0.006 0.154 0.550 0.188 
  25 H S   0.002 0.010 0.000 0.036 0.007 0.160 0.645 0.141 
  26 Q T   0.003 0.013 0.000 0.014 0.004 0.491 0.257 0.219 
  27 G T   0.000 0.008 0.000 0.047 0.003 0.467 0.113 0.362 
  28 F E   0.002 0.005 0.000 0.462 0.039 0.008 0.046 0.437 
  29 S E   0.002 0.002 0.000 0.611 0.010 0.004 0.055 0.316 
  30 G E   0.003 0.003 0.000 0.748 0.006 0.010 0.093 0.137 
  31 I E   0.003 0.004 0.000 0.894 0.007 0.003 0.018 0.071 
  32 L E   0.003 0.004 0.000 0.907 0.008 0.007 0.018 0.052 
  33 K E   0.002 0.003 0.000 0.788 0.003 0.011 0.118 0.076 
  34 E E   0.001 0.003 0.000 0.722 0.006 0.006 0.199 0.063 
  35 R E   0.000 0.003 0.000 0.642 0.011 0.008 0.069 0.266 
  36 Y E   0.001 0.013 0.000 0.534 0.033 0.017 0.061 0.341 
  37 S E   0.001 0.029 0.000 0.351 0.010 0.031 0.277 0.300 
  38 D S   0.001 0.033 0.000 0.335 0.003 0.050 0.368 0.209 
  39 F E   0.001 0.018 0.000 0.732 0.007 0.043 0.047 0.152 
  40 V E   0.000 0.002 0.000 0.956 0.003 0.003 0.007 0.029 
  41 V E   0.000 0.000 0.000 0.974 0.001 0.001 0.001 0.022 
  42 H E   0.000 0.000 0.000 0.970 0.001 0.000 0.006 0.022 
  43 E E   0.000 0.000 0.000 0.971 0.001 0.001 0.002 0.024 
  44 I E   0.000 0.001 0.000 0.958 0.019 0.001 0.003 0.019 
  45 G L   0.000 0.001 0.000 0.238 0.007 0.003 0.007 0.744 
  46 K T   0.001 0.006 0.000 0.004 0.001 0.955 0.026 0.008 
  47 D T   0.001 0.005 0.000 0.001 0.001 0.962 0.024 0.007 
  48 G S   0.000 0.004 0.000 0.007 0.002 0.007 0.895 0.086 
  49 R L   0.000 0.000 0.000 0.054 0.019 0.003 0.029 0.895 
  50 I E   0.001 0.001 0.000 0.946 0.021 0.001 0.006 0.024 
  51 S E   0.000 0.000 0.000 0.975 0.001 0.000 0.002 0.022 
  52 H E   0.000 0.000 0.000 0.971 0.003 0.000 0.002 0.023 
  53 L E   0.001 0.001 0.000 0.849 0.001 0.003 0.011 0.134 
  54 N E   0.001 0.003 0.000 0.735 0.005 0.014 0.061 0.179 
  55 D E   0.002 0.005 0.000 0.620 0.024 0.019 0.069 0.260 
  56 L L   0.000 0.003 0.000 0.128 0.003 0.037 0.260 0.569 
  57 S L   0.001 0.005 0.000 0.079 0.029 0.049 0.170 0.667 
  58 I L   0.000 0.002 0.000 0.024 0.014 0.002 0.064 0.893 
  59 P L   0.000 0.001 0.000 0.005 0.004 0.005 0.016 0.969 
  60 V L   0.001 0.003 0.000 0.006 0.011 0.015 0.076 0.888 
  61 D L   0.001 0.006 0.000 0.003 0.004 0.014 0.044 0.928 
  62 E L   0.003 0.013 0.000 0.002 0.002 0.074 0.062 0.844 
  63 E L   0.003 0.009 0.000 0.002 0.005 0.086 0.239 0.656 
  64 D L   0.001 0.005 0.000 0.002 0.002 0.006 0.080 0.905 
  65 P L   0.028 0.027 0.000 0.001 0.001 0.038 0.026 0.879 
  66 S L   0.075 0.073 0.000 0.000 0.000 0.141 0.025 0.686 
  67 E L   0.201 0.125 0.000 0.001 0.002 0.122 0.086 0.464 
  68 D L   0.302 0.123 0.000 0.002 0.002 0.076 0.037 0.458 
  69 I H   0.546 0.142 0.000 0.004 0.004 0.072 0.034 0.198 
  70 F H   0.556 0.143 0.000 0.005 0.003 0.069 0.023 0.201 
  71 T H   0.496 0.120 0.000 0.011 0.006 0.118 0.069 0.180 
  72 V H   0.417 0.063 0.000 0.024 0.021 0.135 0.220 0.119 
  73 L S   0.030 0.002 0.000 0.026 0.027 0.006 0.474 0.436 
  74 T L   0.027 0.000 0.000 0.008 0.012 0.001 0.016 0.935 
  75 A H   0.975 0.003 0.000 0.000 0.000 0.009 0.002 0.010 
  76 E H   0.988 0.002 0.000 0.000 0.000 0.006 0.001 0.002 
  77 E H   0.991 0.003 0.000 0.000 0.000 0.002 0.001 0.002 
  78 K H   0.994 0.001 0.000 0.000 0.000 0.002 0.000 0.003 
  79 Q H   0.993 0.001 0.000 0.000 0.000 0.003 0.001 0.002 
  80 R H   0.993 0.001 0.000 0.000 0.000 0.003 0.000 0.002 
  81 L H   0.989 0.002 0.000 0.000 0.000 0.004 0.001 0.003 
  82 E H   0.986 0.004 0.000 0.000 0.000 0.006 0.001 0.003 
  83 E H   0.967 0.008 0.000 0.000 0.000 0.015 0.002 0.007 
  84 L H   0.940 0.015 0.000 0.000 0.000 0.024 0.004 0.016 
  85 Q H   0.881 0.022 0.000 0.001 0.000 0.069 0.010 0.017 
  86 L H   0.745 0.027 0.000 0.001 0.001 0.161 0.027 0.036 
  87 F H   0.531 0.026 0.000 0.004 0.004 0.173 0.087 0.174 
  88 K H   0.419 0.025 0.000 0.006 0.008 0.219 0.147 0.176 
  89 N T   0.178 0.025 0.000 0.004 0.003 0.285 0.259 0.245 
  90 K L   0.099 0.034 0.000 0.004 0.005 0.128 0.339 0.390 
  91 E L   0.045 0.036 0.000 0.005 0.005 0.089 0.209 0.612 
  92 T L   0.008 0.030 0.000 0.016 0.001 0.052 0.305 0.587 
  93 S L   0.004 0.018 0.000 0.233 0.003 0.017 0.146 0.579 
  94 V E   0.002 0.005 0.000 0.840 0.005 0.003 0.021 0.123 
  95 A E   0.002 0.003 0.000 0.931 0.004 0.001 0.004 0.055 
  96 I E   0.002 0.003 0.000 0.852 0.004 0.001 0.005 0.134 
  97 E E   0.001 0.002 0.000 0.602 0.006 0.002 0.010 0.377 
  98 V L   0.002 0.006 0.000 0.310 0.011 0.004 0.035 0.632 
  99 I L   0.003 0.009 0.000 0.068 0.005 0.035 0.056 0.824 
 100 E L   0.007 0.012 0.000 0.013 0.006 0.157 0.103 0.703 
 101 D L   0.004 0.006 0.000 0.002 0.002 0.078 0.303 0.605 
 102 T L   0.025 0.003 0.000 0.002 0.009 0.011 0.240 0.709 
 103 K H   0.944 0.005 0.000 0.000 0.000 0.022 0.011 0.017 
 104 E H   0.971 0.005 0.000 0.001 0.000 0.011 0.004 0.009 
 105 K H   0.982 0.005 0.000 0.001 0.000 0.005 0.002 0.006 
 106 R H   0.991 0.001 0.000 0.000 0.000 0.002 0.000 0.005 
 107 T H   0.995 0.001 0.000 0.000 0.000 0.002 0.000 0.002 
 108 I H   0.997 0.000 0.000 0.000 0.000 0.002 0.000 0.001 
 109 I H   0.997 0.000 0.000 0.000 0.000 0.002 0.000 0.001 
 110 H H   0.996 0.000 0.000 0.000 0.000 0.002 0.000 0.002 
 111 Q H   0.996 0.000 0.000 0.000 0.000 0.003 0.000 0.001 
 112 A H   0.994 0.001 0.000 0.000 0.000 0.005 0.000 0.001 
 113 I H   0.996 0.001 0.000 0.000 0.000 0.002 0.000 0.000 
 114 K H   0.982 0.005 0.000 0.000 0.000 0.010 0.001 0.001 
 115 S H   0.936 0.006 0.000 0.000 0.000 0.055 0.001 0.002 
 116 L H   0.885 0.005 0.000 0.001 0.001 0.098 0.006 0.005 
 117 F S   0.002 0.001 0.000 0.001 0.001 0.014 0.554 0.427 
 118 P T   0.001 0.004 0.000 0.001 0.001 0.962 0.021 0.009 
 119 G T   0.000 0.003 0.000 0.004 0.000 0.961 0.024 0.007 
 120 L L   0.000 0.004 0.000 0.379 0.006 0.010 0.123 0.478 
 121 E E   0.000 0.000 0.000 0.842 0.011 0.001 0.010 0.136 
 122 T E   0.000 0.000 0.000 0.945 0.001 0.000 0.002 0.051 
 123 K E   0.000 0.000 0.000 0.985 0.000 0.000 0.001 0.013 
 124 T E   0.000 0.000 0.000 0.982 0.000 0.000 0.001 0.016 
 125 E E   0.000 0.000 0.000 0.953 0.001 0.001 0.006 0.038 
 126 D E   0.000 0.001 0.000 0.869 0.002 0.001 0.005 0.122 
 127 R E   0.001 0.007 0.000 0.708 0.016 0.031 0.019 0.218 
 128 E T   0.001 0.011 0.000 0.043 0.002 0.624 0.243 0.077 
 129 G T   0.001 0.011 0.000 0.035 0.001 0.529 0.343 0.080 
 130 K E   0.001 0.004 0.000 0.515 0.008 0.026 0.044 0.403 
 131 K E   0.001 0.001 0.000 0.896 0.005 0.003 0.012 0.083 
 132 Y E   0.000 0.000 0.000 0.963 0.001 0.000 0.003 0.032 
 133 I E   0.000 0.000 0.000 0.986 0.001 0.000 0.002 0.011 
 134 V E   0.001 0.000 0.000 0.981 0.000 0.000 0.001 0.016 
 135 A E   0.001 0.001 0.000 0.936 0.001 0.001 0.003 0.057 
 136 Y E   0.001 0.002 0.000 0.842 0.002 0.002 0.009 0.143 
 137 H E   0.002 0.008 0.000 0.719 0.010 0.005 0.031 0.224 
 138 A L   0.003 0.014 0.000 0.352 0.007 0.025 0.048 0.552 
 139 A L   0.014 0.034 0.000 0.141 0.013 0.102 0.053 0.643 
 140 G L   0.021 0.039 0.000 0.023 0.005 0.112 0.119 0.682 
 141 K L   0.067 0.065 0.000 0.015 0.011 0.086 0.075 0.680 
 142 K L   0.096 0.083 0.000 0.012 0.011 0.045 0.057 0.696 
 143 A L   0.094 0.104 0.000 0.008 0.005 0.056 0.042 0.691 
 144 L L   0.089 0.089 0.000 0.012 0.008 0.156 0.048 0.599 
 145 A L   0.058 0.045 0.000 0.012 0.017 0.150 0.142 0.575 
 146 N L   0.007 0.010 0.000 0.005 0.004 0.009 0.174 0.791 
 147 P L   0.019 0.080 0.000 0.004 0.003 0.222 0.045 0.627 
 148 R L   0.020 0.106 0.000 0.005 0.005 0.279 0.051 0.534 
 149 K L   0.026 0.123 0.000 0.005 0.006 0.143 0.054 0.644 
 150 H L   0.019 0.054 0.000 0.004 0.002 0.164 0.066 0.691 
 151 S L   0.009 0.019 0.000 0.012 0.012 0.108 0.113 0.727 
 152 W L   0.005 0.011 0.000 0.016 0.012 0.015 0.155 0.787 
 153 P L   0.012 0.079 0.000 0.012 0.008 0.063 0.042 0.785 
 154 K L   0.020 0.134 0.000 0.010 0.008 0.141 0.183 0.504 
 155 S L   0.017 0.120 0.000 0.014 0.013 0.123 0.218 0.495 
 156 R L   0.010 0.055 0.000 0.016 0.014 0.096 0.166 0.643 
 157 G L   0.007 0.014 0.000 0.044 0.016 0.112 0.166 0.639 
 158 S S   0.001 0.004 0.000 0.109 0.001 0.032 0.447 0.406 
 159 Y E   0.001 0.001 0.000 0.706 0.006 0.006 0.053 0.227 
 160 C E   0.000 0.000 0.000 0.960 0.001 0.000 0.002 0.036 
 161 H E   0.000 0.000 0.000 0.992 0.000 0.000 0.001 0.007 
 162 F E   0.000 0.000 0.000 0.996 0.000 0.000 0.001 0.004 
 163 V E   0.000 0.000 0.000 0.993 0.000 0.000 0.001 0.007 
 164 L E   0.000 0.000 0.000 0.994 0.000 0.000 0.000 0.005 
 165 Y E   0.000 0.000 0.000 0.989 0.001 0.000 0.001 0.010 
 166 K E   0.000 0.000 0.000 0.915 0.007 0.003 0.009 0.065 
 167 E S   0.001 0.002 0.000 0.289 0.005 0.060 0.539 0.104 
 168 N S   0.002 0.003 0.000 0.089 0.003 0.048 0.676 0.179 
 169 K L   0.026 0.008 0.000 0.049 0.030 0.042 0.321 0.523 
 170 D L   0.038 0.002 0.000 0.015 0.013 0.016 0.054 0.862 
 171 T H   0.966 0.004 0.000 0.001 0.000 0.010 0.006 0.013 
 172 M H   0.986 0.002 0.000 0.000 0.000 0.007 0.001 0.002 
 173 D H   0.993 0.002 0.000 0.000 0.000 0.003 0.000 0.001 
 174 A H   0.996 0.000 0.000 0.000 0.000 0.002 0.000 0.001 
 175 I H   0.997 0.000 0.000 0.000 0.000 0.002 0.000 0.000 
 176 N H   0.998 0.000 0.000 0.000 0.000 0.001 0.000 0.001 
 177 V H   0.995 0.000 0.000 0.000 0.000 0.003 0.000 0.001 
 178 L H   0.998 0.000 0.000 0.000 0.000 0.001 0.000 0.000 
 179 S H   0.997 0.001 0.000 0.000 0.000 0.001 0.000 0.001 
 180 K H   0.992 0.003 0.000 0.000 0.000 0.004 0.000 0.000 
 181 Y H   0.976 0.006 0.000 0.000 0.000 0.015 0.001 0.001 
 182 L H   0.655 0.008 0.000 0.000 0.000 0.323 0.011 0.004 
 183 R T   0.008 0.001 0.000 0.000 0.000 0.967 0.010 0.014 
 184 V L   0.001 0.001 0.000 0.001 0.004 0.004 0.092 0.897 
 185 K L   0.001 0.004 0.000 0.001 0.002 0.002 0.006 0.985 
 186 P G   0.010 0.452 0.000 0.004 0.002 0.357 0.039 0.136 
 187 N G   0.010 0.443 0.000 0.025 0.001 0.405 0.083 0.034 
 188 I G   0.011 0.403 0.001 0.285 0.005 0.107 0.074 0.113 
 189 F E   0.005 0.005 0.000 0.919 0.011 0.004 0.018 0.038 
 190 S E   0.002 0.001 0.000 0.974 0.004 0.001 0.003 0.015 
 191 Y E   0.002 0.004 0.000 0.924 0.009 0.019 0.010 0.032 
 192 M L   0.004 0.018 0.000 0.140 0.004 0.278 0.114 0.441 
 193 G S   0.004 0.014 0.000 0.049 0.010 0.183 0.448 0.292 
 194 T L   0.006 0.008 0.000 0.038 0.029 0.037 0.160 0.721 
 195 K T   0.006 0.030 0.000 0.015 0.014 0.577 0.153 0.205 
 196 D T   0.003 0.030 0.000 0.012 0.012 0.587 0.156 0.200 
 197 K T   0.003 0.036 0.000 0.010 0.009 0.351 0.349 0.243 
 198 R S   0.002 0.010 0.000 0.044 0.009 0.317 0.366 0.250 
 199 A L   0.001 0.006 0.000 0.311 0.017 0.029 0.137 0.499 
 200 I E   0.000 0.002 0.000 0.667 0.006 0.003 0.024 0.297 
 201 T E   0.000 0.000 0.000 0.958 0.002 0.001 0.003 0.036 
 202 V E   0.000 0.000 0.000 0.990 0.000 0.000 0.001 0.009 
 203 Q E   0.000 0.000 0.000 0.987 0.000 0.000 0.001 0.012 
 204 E E   0.000 0.000 0.000 0.988 0.000 0.000 0.001 0.011 
 205 I E   0.000 0.000 0.000 0.994 0.000 0.000 0.000 0.005 
 206 A E   0.000 0.000 0.000 0.995 0.000 0.000 0.000 0.005 
 207 V E   0.000 0.000 0.000 0.994 0.001 0.000 0.001 0.005 
 208 L E   0.000 0.001 0.000 0.919 0.004 0.010 0.046 0.020 
 209 K S   0.000 0.000 0.000 0.430 0.002 0.006 0.453 0.109 
 210 I L   0.000 0.000 0.000 0.281 0.035 0.001 0.049 0.633 
 211 T L   0.005 0.000 0.000 0.143 0.028 0.000 0.009 0.814 
 212 A H   0.941 0.026 0.000 0.004 0.000 0.016 0.004 0.010 
 213 Q H   0.953 0.029 0.000 0.001 0.000 0.011 0.002 0.004 
 214 R H   0.952 0.032 0.000 0.000 0.000 0.011 0.002 0.003 
 215 L H   0.956 0.023 0.000 0.000 0.000 0.015 0.001 0.004 
 216 A H   0.919 0.028 0.000 0.000 0.000 0.047 0.003 0.002 
 217 H H   0.870 0.034 0.000 0.000 0.000 0.085 0.003 0.008 
 218 L H   0.822 0.041 0.000 0.000 0.000 0.109 0.010 0.016 
 219 N H   0.599 0.068 0.001 0.001 0.001 0.250 0.009 0.071 
 220 K H   0.511 0.077 0.000 0.001 0.001 0.367 0.016 0.026 
 221 C H   0.453 0.073 0.000 0.004 0.003 0.405 0.019 0.044 
 222 L L   0.071 0.055 0.000 0.012 0.009 0.109 0.159 0.584 
 223 M T   0.015 0.054 0.000 0.011 0.009 0.641 0.104 0.165 
 224 N T   0.004 0.033 0.000 0.028 0.001 0.668 0.153 0.113 
 225 F L   0.002 0.006 0.000 0.363 0.007 0.005 0.069 0.547 
 226 K E   0.002 0.001 0.000 0.884 0.009 0.001 0.008 0.094 
 227 L E   0.002 0.003 0.000 0.921 0.015 0.004 0.004 0.052 
 228 G E   0.001 0.007 0.000 0.607 0.006 0.026 0.033 0.320 
 229 N E   0.001 0.007 0.000 0.437 0.003 0.037 0.164 0.350 
 230 F E   0.001 0.003 0.000 0.651 0.005 0.007 0.026 0.306 
 231 S E   0.000 0.000 0.000 0.978 0.004 0.000 0.002 0.015 
 232 Y E   0.000 0.000 0.000 0.986 0.003 0.000 0.001 0.010 
 233 Q E   0.000 0.000 0.000 0.860 0.015 0.002 0.010 0.112 
 234 K S   0.000 0.000 0.000 0.181 0.003 0.004 0.744 0.068 
 235 N S   0.000 0.001 0.000 0.095 0.004 0.005 0.775 0.120 
 236 P L   0.000 0.001 0.000 0.108 0.014 0.007 0.088 0.781 
 237 L L   0.001 0.000 0.000 0.193 0.185 0.001 0.013 0.607 
 238 K L   0.001 0.002 0.000 0.153 0.042 0.004 0.022 0.776 
 239 L L   0.030 0.294 0.000 0.044 0.008 0.280 0.039 0.305 
 240 G T   0.024 0.324 0.000 0.015 0.002 0.380 0.114 0.140 
 241 E G   0.016 0.314 0.000 0.025 0.014 0.154 0.203 0.274 
 242 L L   0.012 0.035 0.000 0.056 0.068 0.031 0.087 0.712 
 243 Q L   0.006 0.020 0.000 0.062 0.052 0.073 0.046 0.740 
 244 G S   0.004 0.029 0.000 0.038 0.005 0.152 0.622 0.149 
 245 N L   0.001 0.022 0.000 0.111 0.003 0.072 0.287 0.504 
 246 H E   0.001 0.004 0.000 0.758 0.009 0.003 0.042 0.184 
 247 F E   0.000 0.000 0.000 0.976 0.001 0.000 0.003 0.019 
 248 T E   0.000 0.000 0.000 0.995 0.000 0.000 0.001 0.004 
 249 V E   0.000 0.000 0.000 0.995 0.000 0.000 0.001 0.004 
 250 V E   0.000 0.000 0.000 0.995 0.000 0.000 0.000 0.005 
 251 L E   0.000 0.001 0.000 0.984 0.001 0.002 0.002 0.010 
 252 R E   0.001 0.003 0.000 0.803 0.005 0.051 0.078 0.060 
 253 N E   0.001 0.005 0.000 0.520 0.011 0.052 0.187 0.225 
 254 I L   0.001 0.002 0.000 0.270 0.018 0.004 0.014 0.692 
 255 T L   0.004 0.004 0.000 0.128 0.025 0.060 0.085 0.693 
 256 G S   0.002 0.002 0.000 0.014 0.006 0.086 0.544 0.345 
 257 T L   0.006 0.001 0.000 0.002 0.003 0.004 0.054 0.930 
 258 D H   0.956 0.005 0.000 0.000 0.000 0.012 0.008 0.018 
 259 D H   0.979 0.005 0.000 0.001 0.000 0.009 0.002 0.004 
 260 Q H   0.985 0.006 0.000 0.001 0.000 0.005 0.001 0.003 
 261 V H   0.992 0.001 0.000 0.000 0.000 0.003 0.000 0.004 
 262 Q H   0.995 0.001 0.000 0.000 0.000 0.003 0.000 0.001 
 263 Q H   0.997 0.000 0.000 0.000 0.000 0.002 0.000 0.001 
 264 A H   0.996 0.000 0.000 0.000 0.000 0.002 0.000 0.001 
 265 M H   0.996 0.001 0.000 0.000 0.000 0.002 0.000 0.002 
 266 N H   0.995 0.001 0.000 0.000 0.000 0.003 0.000 0.001 
 267 S H   0.994 0.001 0.000 0.000 0.000 0.003 0.000 0.001 
 268 L H   0.992 0.002 0.000 0.000 0.000 0.003 0.001 0.001 
 269 K H   0.981 0.006 0.000 0.001 0.000 0.010 0.001 0.001 
 270 E H   0.954 0.008 0.000 0.002 0.000 0.027 0.003 0.005 
 271 I H   0.659 0.006 0.000 0.003 0.001 0.302 0.020 0.009 
 272 G T   0.012 0.002 0.000 0.019 0.001 0.675 0.129 0.163 
 273 F L   0.004 0.001 0.000 0.360 0.118 0.013 0.138 0.365 
 274 I L   0.001 0.001 0.000 0.371 0.048 0.001 0.025 0.553 
 275 N L   0.002 0.006 0.000 0.261 0.015 0.025 0.082 0.609 
 276 Y E   0.018 0.015 0.000 0.340 0.043 0.215 0.107 0.263 
 277 Y E   0.026 0.029 0.000 0.350 0.098 0.229 0.053 0.214 
 278 G L   0.022 0.064 0.000 0.153 0.022 0.104 0.183 0.451 
 279 M L   0.043 0.170 0.000 0.053 0.019 0.222 0.174 0.317 
 280 Q T   0.043 0.188 0.000 0.042 0.038 0.319 0.077 0.292 
 281 R L   0.032 0.148 0.000 0.032 0.029 0.300 0.092 0.366 
 282 F T   0.019 0.040 0.000 0.027 0.032 0.434 0.274 0.174 
 283 G S   0.005 0.009 0.000 0.028 0.033 0.315 0.332 0.279 
 284 T S   0.003 0.005 0.000 0.028 0.039 0.117 0.449 0.359 
 285 T S   0.002 0.004 0.000 0.031 0.034 0.086 0.497 0.346 
 286 A S   0.002 0.003 0.000 0.030 0.024 0.037 0.492 0.411 
 287 V L   0.009 0.002 0.000 0.030 0.044 0.010 0.321 0.586 
 288 P L   0.029 0.002 0.000 0.013 0.013 0.013 0.029 0.902 
 289 T H   0.627 0.007 0.000 0.002 0.003 0.059 0.044 0.259 
 290 Y H   0.928 0.004 0.000 0.001 0.001 0.035 0.010 0.022 
 291 Q H   0.985 0.003 0.000 0.000 0.000 0.006 0.002 0.004 
 292 V H   0.996 0.001 0.000 0.000 0.000 0.002 0.000 0.001 
 293 G H   0.998 0.000 0.000 0.000 0.000 0.001 0.000 0.000 
 294 R H   0.998 0.001 0.000 0.000 0.000 0.001 0.000 0.000 
 295 A H   0.994 0.002 0.000 0.000 0.000 0.003 0.000 0.000 
 296 I H   0.988 0.003 0.000 0.000 0.000 0.007 0.000 0.001 
 297 L H   0.852 0.005 0.000 0.000 0.000 0.138 0.003 0.002 
 298 Q T   0.163 0.003 0.000 0.000 0.000 0.818 0.011 0.004 
 299 N T   0.017 0.002 0.000 0.000 0.000 0.934 0.036 0.011 
 300 S L   0.019 0.001 0.000 0.000 0.001 0.003 0.022 0.954 
 301 W H   0.974 0.004 0.000 0.000 0.000 0.011 0.005 0.006 
 302 T H   0.990 0.003 0.000 0.000 0.000 0.005 0.001 0.001 
 303 E H   0.994 0.003 0.000 0.000 0.000 0.002 0.000 0.001 
 304 V H   0.996 0.001 0.000 0.000 0.000 0.002 0.000 0.001 
 305 M H   0.995 0.001 0.000 0.000 0.000 0.002 0.000 0.001 
 306 D H   0.994 0.002 0.000 0.000 0.000 0.003 0.000 0.001 
 307 L H   0.985 0.003 0.000 0.001 0.000 0.005 0.001 0.004 
 308 I H   0.923 0.003 0.000 0.002 0.000 0.061 0.007 0.004 
 309 L T   0.354 0.005 0.000 0.004 0.003 0.355 0.195 0.083 
 310 K L   0.007 0.001 0.000 0.014 0.017 0.007 0.438 0.516 
 311 P L   0.004 0.003 0.000 0.023 0.048 0.009 0.070 0.843 
 312 R L   0.003 0.007 0.000 0.016 0.071 0.045 0.210 0.648 
 313 S T   0.006 0.016 0.000 0.003 0.005 0.536 0.139 0.295 
 314 G T   0.009 0.023 0.000 0.002 0.004 0.582 0.188 0.192 
 315 A L   0.021 0.027 0.000 0.006 0.019 0.148 0.195 0.584 
 316 E L   0.056 0.019 0.000 0.004 0.010 0.066 0.084 0.761 
 317 K L   0.345 0.032 0.000 0.004 0.008 0.172 0.060 0.380 
 318 G H   0.473 0.025 0.000 0.004 0.007 0.207 0.084 0.199 
 319 Y H   0.721 0.019 0.000 0.002 0.004 0.062 0.030 0.161 
 320 L H   0.947 0.007 0.000 0.000 0.000 0.014 0.006 0.025 
 321 V H   0.982 0.005 0.000 0.000 0.000 0.007 0.001 0.004 
 322 K H   0.991 0.003 0.000 0.000 0.000 0.003 0.001 0.002 
 323 C H   0.995 0.001 0.000 0.000 0.000 0.002 0.000 0.002 
 324 R H   0.994 0.001 0.000 0.000 0.000 0.002 0.000 0.003 
 325 E H   0.994 0.001 0.000 0.000 0.000 0.003 0.000 0.002 
 326 E H   0.993 0.001 0.000 0.000 0.000 0.004 0.000 0.001 
 327 W H   0.992 0.002 0.000 0.000 0.000 0.004 0.001 0.001 
 328 A H   0.975 0.004 0.000 0.000 0.000 0.018 0.001 0.002 
 329 K H   0.879 0.006 0.000 0.000 0.000 0.102 0.007 0.006 
 330 T H   0.502 0.005 0.000 0.003 0.005 0.117 0.173 0.195 
 331 K L   0.013 0.001 0.000 0.001 0.004 0.020 0.276 0.684 
 332 D L   0.009 0.000 0.000 0.001 0.006 0.001 0.027 0.956 
 333 P H   0.901 0.023 0.000 0.000 0.000 0.035 0.010 0.030 
 334 T H   0.940 0.028 0.000 0.000 0.000 0.025 0.003 0.003 
 335 A H   0.949 0.039 0.000 0.001 0.000 0.006 0.002 0.003 
 336 A H   0.950 0.037 0.000 0.001 0.000 0.008 0.002 0.002 
 337 L H   0.848 0.078 0.001 0.001 0.001 0.058 0.008 0.005 
 338 R H   0.600 0.074 0.000 0.000 0.000 0.305 0.010 0.010 
 339 K T   0.393 0.066 0.000 0.001 0.001 0.504 0.018 0.017 
 340 L S   0.004 0.004 0.000 0.001 0.002 0.006 0.872 0.111 
 341 P L   0.003 0.014 0.000 0.001 0.003 0.014 0.016 0.949 
 342 V T   0.040 0.343 0.000 0.001 0.005 0.390 0.154 0.067 
 343 K T   0.038 0.362 0.000 0.003 0.004 0.466 0.080 0.047 
 344 R G   0.064 0.335 0.001 0.003 0.009 0.119 0.217 0.253 
 345 C H   0.639 0.033 0.002 0.008 0.059 0.031 0.074 0.154 
 346 V H   0.970 0.007 0.000 0.001 0.001 0.012 0.004 0.005 
 347 E H   0.986 0.006 0.000 0.000 0.000 0.006 0.001 0.001 
 348 G H   0.990 0.004 0.000 0.000 0.000 0.004 0.001 0.001 
 349 Q H   0.995 0.002 0.000 0.000 0.000 0.001 0.000 0.001 
 350 L H   0.996 0.002 0.000 0.000 0.000 0.001 0.000 0.001 
 351 L H   0.994 0.002 0.000 0.000 0.000 0.003 0.000 0.001 
 352 R H   0.992 0.002 0.000 0.000 0.000 0.005 0.000 0.001 
 353 G H   0.977 0.005 0.000 0.000 0.000 0.012 0.002 0.004 
 354 L H   0.956 0.014 0.000 0.000 0.000 0.017 0.003 0.009 
 355 S H   0.901 0.025 0.000 0.000 0.000 0.062 0.004 0.008 
 356 K H   0.732 0.026 0.000 0.000 0.000 0.214 0.016 0.010 
 357 Y H   0.536 0.022 0.000 0.000 0.001 0.350 0.070 0.020 
 358 G L   0.062 0.028 0.000 0.000 0.001 0.303 0.064 0.542 
 359 M T   0.191 0.066 0.000 0.001 0.002 0.400 0.063 0.277 
 360 K T   0.247 0.064 0.000 0.002 0.003 0.386 0.069 0.230 
 361 N H   0.352 0.053 0.001 0.004 0.013 0.023 0.297 0.257 
 362 I H   0.854 0.049 0.000 0.001 0.001 0.044 0.013 0.038 
 363 V H   0.874 0.058 0.001 0.002 0.001 0.054 0.006 0.005 
 364 S H   0.860 0.083 0.001 0.002 0.001 0.038 0.006 0.009 
 365 A H   0.831 0.089 0.000 0.002 0.001 0.058 0.009 0.009 
 366 F H   0.511 0.169 0.001 0.001 0.001 0.294 0.008 0.015 
 367 G T   0.193 0.151 0.000 0.000 0.000 0.628 0.016 0.011 
 368 I T   0.121 0.138 0.000 0.000 0.001 0.662 0.058 0.020 
 369 I S   0.001 0.002 0.000 0.001 0.003 0.003 0.901 0.088 
 370 P L   0.003 0.000 0.000 0.000 0.003 0.000 0.006 0.988 
 371 R H   0.948 0.007 0.000 0.000 0.000 0.029 0.011 0.005 
 372 N H   0.964 0.006 0.000 0.000 0.000 0.025 0.002 0.002 
 373 N H   0.983 0.007 0.000 0.000 0.000 0.006 0.002 0.002 
 374 R H   0.992 0.002 0.000 0.000 0.000 0.004 0.001 0.002 
 375 L H   0.995 0.001 0.000 0.000 0.000 0.003 0.001 0.000 
 376 M H   0.997 0.001 0.000 0.000 0.000 0.002 0.000 0.000 
 377 Y H   0.993 0.001 0.000 0.000 0.000 0.004 0.001 0.001 
 378 I H   0.995 0.001 0.000 0.000 0.000 0.003 0.000 0.001 
 379 H H   0.997 0.001 0.000 0.000 0.000 0.002 0.000 0.001 
 380 S H   0.996 0.000 0.000 0.000 0.000 0.002 0.000 0.001 
 381 Y H   0.995 0.000 0.000 0.000 0.000 0.003 0.000 0.001 
 382 Q H   0.996 0.000 0.000 0.000 0.000 0.003 0.000 0.001 
 383 S H   0.996 0.000 0.000 0.000 0.000 0.002 0.000 0.001 
 384 Y H   0.996 0.000 0.000 0.000 0.000 0.002 0.000 0.001 
 385 V H   0.997 0.000 0.000 0.000 0.000 0.002 0.000 0.001 
 386 W H   0.996 0.001 0.000 0.000 0.000 0.002 0.000 0.001 
 387 N H   0.995 0.001 0.000 0.000 0.000 0.003 0.000 0.001 
 388 N H   0.995 0.001 0.000 0.000 0.000 0.003 0.000 0.001 
 389 M H   0.996 0.001 0.000 0.000 0.000 0.002 0.000 0.001 
 390 V H   0.997 0.001 0.000 0.000 0.000 0.002 0.000 0.001 
 391 S H   0.995 0.001 0.000 0.000 0.000 0.003 0.000 0.001 
 392 K H   0.991 0.002 0.000 0.000 0.000 0.003 0.000 0.003 
 393 R H   0.982 0.006 0.000 0.000 0.000 0.008 0.001 0.002 
 394 I H   0.963 0.013 0.000 0.000 0.000 0.018 0.001 0.004 
 395 E H   0.899 0.029 0.000 0.000 0.000 0.063 0.004 0.005 
 396 D H   0.632 0.033 0.000 0.001 0.001 0.306 0.012 0.015 
 397 Y T   0.345 0.028 0.000 0.001 0.001 0.547 0.055 0.022 
 398 G L   0.010 0.009 0.000 0.002 0.003 0.312 0.297 0.366 
 399 L L   0.001 0.003 0.000 0.018 0.005 0.028 0.236 0.709 
 400 K L   0.001 0.001 0.000 0.124 0.039 0.005 0.098 0.732 
 401 P L   0.001 0.001 0.000 0.215 0.146 0.001 0.014 0.622 
 402 V L   0.000 0.002 0.000 0.167 0.032 0.005 0.019 0.774 
 403 P T   0.003 0.008 0.000 0.085 0.016 0.761 0.068 0.059 
 404 G T   0.002 0.005 0.000 0.049 0.002 0.791 0.115 0.036 
 405 D L   0.000 0.001 0.000 0.072 0.002 0.002 0.046 0.877 
 406 L E   0.000 0.000 0.000 0.936 0.010 0.001 0.007 0.046 
 407 V E   0.000 0.000 0.000 0.993 0.001 0.000 0.001 0.005 
 408 L E   0.000 0.001 0.000 0.976 0.002 0.001 0.002 0.020 
 409 K E   0.001 0.002 0.000 0.817 0.012 0.017 0.025 0.126 
 410 G T   0.001 0.015 0.000 0.038 0.002 0.536 0.308 0.100 
 411 A T   0.001 0.013 0.000 0.022 0.001 0.536 0.335 0.091 
 412 T E   0.004 0.013 0.000 0.359 0.067 0.171 0.081 0.305 
 413 A L   0.001 0.001 0.000 0.440 0.026 0.003 0.013 0.515 
 414 T E   0.001 0.001 0.000 0.483 0.023 0.002 0.025 0.467 
 415 Y E   0.001 0.000 0.000 0.531 0.101 0.001 0.007 0.359 
 416 I L   0.001 0.000 0.000 0.183 0.013 0.000 0.009 0.792 
 417 E L   0.002 0.008 0.000 0.015 0.005 0.003 0.026 0.942 
 418 E G   0.083 0.783 0.000 0.000 0.000 0.098 0.019 0.016 
 419 D G   0.070 0.801 0.000 0.001 0.001 0.086 0.017 0.024 
 420 D G   0.063 0.824 0.000 0.001 0.001 0.051 0.008 0.052 
 421 V G   0.060 0.785 0.000 0.000 0.001 0.119 0.009 0.025 
 422 N G   0.020 0.749 0.000 0.000 0.000 0.210 0.009 0.011 
 423 N G   0.018 0.697 0.000 0.002 0.002 0.191 0.030 0.059 
 424 Y L   0.008 0.039 0.001 0.091 0.071 0.011 0.187 0.593 
 425 S L   0.016 0.033 0.001 0.208 0.161 0.013 0.060 0.508 
 426 I G   0.097 0.493 0.001 0.213 0.019 0.045 0.024 0.109 
 427 H G   0.107 0.553 0.000 0.203 0.003 0.029 0.028 0.077 
 428 D G   0.109 0.534 0.000 0.261 0.004 0.030 0.018 0.044 
 429 V E   0.109 0.208 0.001 0.467 0.035 0.089 0.025 0.066 
 430 V E   0.043 0.016 0.000 0.512 0.096 0.029 0.077 0.228 
 431 M L   0.004 0.001 0.000 0.354 0.011 0.006 0.040 0.584 
 432 P L   0.006 0.001 0.000 0.318 0.102 0.007 0.057 0.510 
 433 L L   0.003 0.001 0.000 0.179 0.051 0.008 0.056 0.703 
 434 P T   0.013 0.047 0.000 0.022 0.005 0.647 0.045 0.220 
 435 G T   0.017 0.066 0.000 0.018 0.005 0.683 0.084 0.128 
 436 F T   0.028 0.091 0.000 0.026 0.008 0.502 0.224 0.122 
 437 D L   0.015 0.036 0.000 0.053 0.010 0.271 0.204 0.410 
 438 V L   0.002 0.005 0.000 0.197 0.038 0.011 0.094 0.653 
 439 I L   0.003 0.001 0.000 0.275 0.261 0.003 0.030 0.427 
 440 Y L   0.000 0.000 0.000 0.075 0.009 0.003 0.039 0.874 
 441 P L   0.001 0.002 0.000 0.010 0.005 0.017 0.017 0.949 
 442 K S   0.017 0.011 0.000 0.002 0.005 0.118 0.489 0.359 
 443 H S   0.044 0.008 0.001 0.004 0.012 0.039 0.809 0.083 
 444 K H   0.936 0.007 0.000 0.001 0.001 0.021 0.010 0.024 
 445 I H   0.971 0.003 0.000 0.000 0.000 0.019 0.003 0.004 
 446 Q H   0.992 0.002 0.000 0.000 0.000 0.004 0.000 0.001 
 447 E H   0.997 0.001 0.000 0.000 0.000 0.001 0.000 0.001 
 448 A H   0.996 0.000 0.000 0.000 0.000 0.002 0.000 0.001 
 449 Y H   0.997 0.000 0.000 0.000 0.000 0.002 0.000 0.000 
 450 R H   0.998 0.000 0.000 0.000 0.000 0.001 0.000 0.000 
 451 E H   0.997 0.000 0.000 0.000 0.000 0.001 0.000 0.001 
 452 M H   0.996 0.001 0.000 0.000 0.000 0.003 0.000 0.000 
 453 L H   0.983 0.003 0.000 0.000 0.000 0.012 0.001 0.001 
 454 T H   0.953 0.006 0.000 0.000 0.000 0.036 0.002 0.002 
 455 A H   0.604 0.011 0.000 0.001 0.001 0.344 0.021 0.019 
 456 D T   0.031 0.006 0.000 0.000 0.000 0.930 0.024 0.009 
 457 N T   0.002 0.004 0.000 0.000 0.001 0.949 0.016 0.027 
 458 L L   0.001 0.001 0.000 0.002 0.008 0.006 0.011 0.971 
 459 D L   0.002 0.003 0.000 0.001 0.007 0.001 0.010 0.976 
 460 I H   0.415 0.352 0.000 0.001 0.002 0.132 0.039 0.059 
 461 D H   0.413 0.381 0.000 0.000 0.001 0.159 0.023 0.023 
 462 N H   0.422 0.412 0.000 0.000 0.001 0.104 0.019 0.042 
 463 M H   0.486 0.325 0.000 0.002 0.004 0.096 0.035 0.051 
 464 R H   0.465 0.288 0.001 0.004 0.011 0.108 0.044 0.079 
 465 H H   0.397 0.251 0.000 0.003 0.006 0.073 0.133 0.137 
 466 K H   0.317 0.237 0.000 0.004 0.014 0.089 0.106 0.232 
 467 I L   0.182 0.291 0.000 0.005 0.009 0.053 0.081 0.379 
 468 R G   0.126 0.392 0.000 0.003 0.003 0.125 0.047 0.303 
 469 D G   0.068 0.380 0.000 0.004 0.004 0.181 0.063 0.300 
 470 Y L   0.035 0.268 0.000 0.010 0.013 0.097 0.117 0.460 
 471 S L   0.007 0.014 0.000 0.013 0.015 0.056 0.078 0.816 
 472 L L   0.004 0.003 0.000 0.016 0.022 0.037 0.055 0.863 
 473 S L   0.003 0.011 0.000 0.014 0.010 0.170 0.240 0.551 
 474 G S   0.003 0.020 0.000 0.054 0.008 0.180 0.541 0.194 
 475 A L   0.004 0.020 0.000 0.225 0.018 0.049 0.252 0.433 
 476 Y E   0.002 0.009 0.000 0.541 0.021 0.023 0.128 0.276 
 477 R E   0.001 0.003 0.000 0.724 0.011 0.005 0.045 0.211 
 478 K E   0.000 0.002 0.000 0.781 0.008 0.003 0.016 0.190 
 479 I E   0.001 0.001 0.000 0.807 0.002 0.004 0.013 0.172 
 480 I E   0.001 0.001 0.000 0.902 0.005 0.003 0.013 0.076 
 481 I E   0.001 0.001 0.000 0.914 0.011 0.001 0.005 0.066 
 482 R E   0.000 0.005 0.000 0.558 0.004 0.002 0.011 0.419 
 483 P E   0.005 0.121 0.000 0.405 0.011 0.032 0.060 0.367 
 484 Q E   0.005 0.156 0.000 0.345 0.005 0.088 0.279 0.122 
 485 N E   0.003 0.139 0.000 0.401 0.004 0.098 0.237 0.117 
 486 V E   0.001 0.020 0.000 0.614 0.005 0.016 0.025 0.317 
 487 S E   0.000 0.001 0.000 0.872 0.004 0.001 0.009 0.112 
 488 W E   0.000 0.000 0.000 0.940 0.001 0.000 0.004 0.054 
 489 E E   0.000 0.000 0.000 0.969 0.000 0.000 0.003 0.027 
 490 V E   0.000 0.000 0.000 0.988 0.000 0.000 0.001 0.011 
 491 V E   0.000 0.000 0.000 0.990 0.000 0.000 0.000 0.009 
 492 A E   0.000 0.000 0.000 0.979 0.001 0.001 0.002 0.016 
 493 Y E   0.001 0.001 0.000 0.845 0.010 0.008 0.023 0.112 
 494 D S   0.000 0.002 0.000 0.051 0.002 0.018 0.636 0.290 
 495 D L   0.000 0.002 0.000 0.009 0.015 0.028 0.409 0.536 
 496 P T   0.002 0.005 0.000 0.000 0.001 0.859 0.070 0.062 
 497 K T   0.001 0.004 0.000 0.001 0.001 0.866 0.078 0.049 
 498 I S   0.001 0.005 0.000 0.013 0.017 0.005 0.716 0.244 
 499 P L   0.003 0.003 0.000 0.012 0.012 0.007 0.016 0.947 
 500 L L   0.014 0.013 0.000 0.051 0.060 0.020 0.156 0.686 
 501 F L   0.037 0.013 0.000 0.089 0.065 0.013 0.049 0.735 
 502 N L   0.107 0.021 0.000 0.046 0.021 0.051 0.062 0.692 
 503 T L   0.156 0.014 0.000 0.008 0.004 0.117 0.148 0.554 
 504 D H   0.579 0.027 0.000 0.006 0.010 0.066 0.038 0.274 
 505 V H   0.851 0.066 0.000 0.003 0.001 0.038 0.008 0.033 
 506 D H   0.833 0.101 0.000 0.002 0.001 0.034 0.007 0.022 
 507 N H   0.813 0.112 0.000 0.001 0.001 0.036 0.012 0.026 
 508 L H   0.760 0.085 0.000 0.002 0.002 0.060 0.022 0.070 
 509 E T   0.372 0.034 0.000 0.001 0.001 0.431 0.031 0.130 
 510 G T   0.012 0.006 0.000 0.000 0.000 0.662 0.035 0.285 
 511 K L   0.002 0.002 0.000 0.001 0.002 0.007 0.142 0.844 
 512 T L   0.002 0.002 0.000 0.001 0.002 0.002 0.029 0.963 
 513 P L   0.001 0.003 0.000 0.001 0.001 0.006 0.006 0.981 
 514 P L   0.002 0.005 0.000 0.004 0.002 0.015 0.018 0.953 
 515 V L   0.006 0.006 0.000 0.024 0.009 0.027 0.085 0.842 
 516 F L   0.011 0.008 0.000 0.053 0.040 0.024 0.081 0.783 
 517 A L   0.004 0.007 0.000 0.020 0.007 0.011 0.041 0.909 
 518 S L   0.007 0.026 0.000 0.011 0.010 0.120 0.127 0.698 
 519 E L   0.004 0.025 0.000 0.005 0.006 0.214 0.133 0.612 
 520 G L   0.004 0.025 0.000 0.008 0.003 0.131 0.378 0.451 
 521 K L   0.002 0.010 0.000 0.069 0.004 0.063 0.355 0.498 
 522 Y L   0.002 0.006 0.000 0.434 0.013 0.026 0.060 0.459 
 523 R E   0.001 0.002 0.000 0.693 0.003 0.006 0.060 0.235 
 524 A E   0.000 0.001 0.000 0.920 0.002 0.001 0.009 0.068 
 525 L E   0.000 0.000 0.000 0.978 0.001 0.000 0.002 0.018 
 526 K E   0.000 0.000 0.000 0.979 0.000 0.000 0.002 0.019 
 527 M E   0.000 0.000 0.000 0.987 0.000 0.000 0.001 0.011 
 528 D E   0.000 0.000 0.000 0.992 0.000 0.000 0.000 0.007 
 529 F E   0.000 0.000 0.000 0.982 0.001 0.000 0.002 0.015 
 530 S E   0.000 0.000 0.000 0.906 0.006 0.001 0.003 0.084 
 531 L L   0.000 0.001 0.000 0.210 0.008 0.002 0.029 0.750 
 532 P L   0.000 0.002 0.000 0.011 0.003 0.004 0.017 0.963 
 533 P T   0.003 0.006 0.000 0.000 0.000 0.942 0.038 0.010 
 534 S T   0.003 0.004 0.000 0.000 0.001 0.943 0.035 0.013 
 535 T L   0.068 0.006 0.001 0.002 0.007 0.010 0.413 0.494 
 536 Y H   0.962 0.002 0.000 0.000 0.000 0.017 0.005 0.014 
 537 A H   0.995 0.001 0.000 0.000 0.000 0.002 0.000 0.001 
 538 T H   0.998 0.001 0.000 0.000 0.000 0.001 0.000 0.001 
 539 M H   0.998 0.000 0.000 0.000 0.000 0.001 0.000 0.000 
 540 A H   0.997 0.000 0.000 0.000 0.000 0.001 0.000 0.001 
 541 I H   0.998 0.000 0.000 0.000 0.000 0.001 0.000 0.001 
 542 R H   0.994 0.001 0.000 0.000 0.000 0.003 0.000 0.001 
 543 E H   0.986 0.003 0.000 0.000 0.000 0.008 0.001 0.002 
 544 V H   0.969 0.008 0.000 0.000 0.000 0.015 0.002 0.005 
 545 L H   0.761 0.008 0.000 0.000 0.000 0.205 0.011 0.014 
 546 K T   0.098 0.006 0.000 0.000 0.000 0.731 0.049 0.115 
 547 M L   0.008 0.003 0.000 0.003 0.005 0.035 0.455 0.491 
 548 D L   0.005 0.002 0.000 0.001 0.002 0.019 0.081 0.890 
 549 T L   0.014 0.004 0.000 0.001 0.008 0.025 0.167 0.781 
 550 S L   0.072 0.005 0.000 0.003 0.008 0.009 0.076 0.826 
 551 I H   0.840 0.049 0.000 0.001 0.000 0.047 0.030 0.033 
 552 K H   0.841 0.050 0.000 0.001 0.000 0.073 0.017 0.017 
 553 N H   0.828 0.048 0.000 0.001 0.001 0.068 0.016 0.039 
 554 Q H   0.840 0.010 0.000 0.002 0.002 0.014 0.014 0.117 
 555 T H   0.831 0.009 0.000 0.004 0.003 0.021 0.019 0.113 
 556 Q H   0.811 0.011 0.000 0.003 0.001 0.038 0.010 0.126 
 557 L H   0.785 0.011 0.000 0.002 0.001 0.033 0.015 0.153 
 558 N H   0.740 0.007 0.000 0.002 0.001 0.018 0.014 0.218 
 559 T H   0.735 0.008 0.000 0.002 0.001 0.017 0.017 0.219 
 560 T H   0.679 0.010 0.000 0.004 0.001 0.047 0.015 0.244 
 561 W H   0.459 0.011 0.000 0.006 0.003 0.094 0.032 0.396 
 562 L L   0.115 0.006 0.000 0.003 0.002 0.069 0.001 0.805 
 563 R L   0.001 0.000 0.000 0.000 0.000 0.000 0.000 0.999 
